<?xml version="1.0" encoding="utf-8"?>
<COLLADA xmlns="http://www.collada.org/2005/11/COLLADASchema" version="1.4.1">
  <asset><contributor><author></author><authoring_tool>FBX COLLADA exporter</authoring_tool><comments></comments></contributor><created>2018-03-28T11:35:16Z</created><keywords></keywords><modified>2018-03-28T11:35:16Z</modified><revision></revision><subject></subject><title></title><unit meter="0.010000" name="centimeter"></unit><up_axis>Y_UP</up_axis></asset>
  <library_animations>
    <animation id="jnt_hips-anim" name="jnt_hips"><animation><source id="jnt_hips-Matrix-animation-input"><float_array id="jnt_hips-Matrix-animation-input-array" count="37">

0.000000 0.033333 0.066667 0.100000 0.133333 0.166667 0.200000 0.233333 0.266667 0.300000 0.333333 0.366667 0.400000 0.433333 0.466667 0.500000
0.533333 0.566667 0.600000 0.633333 0.666667 0.700000 0.733333 0.766667 0.800000 0.833333 0.866667 0.900000 0.933333 0.966667 1.000000 1.033333
1.066667 1.100000 1.133333 1.166667 1.200000</float_array><technique_common><accessor source="#jnt_hips-Matrix-animation-input-array" count="37"><param name="TIME" type="float"/></accessor></technique_common></source><source id="jnt_hips-Matrix-animation-output-transform"><float_array id="jnt_hips-Matrix-animation-output-transform-array" count="592">

0.804347 0.053052 -0.591787 0.044032 0.130200 0.956060 0.262674 1.462235 0.579719 -0.288332 0.762097 -0.285680 0.000000 0.000000 0.000000 1.000000
0.798927 0.048286 -0.599486 0.008033 0.147970 0.950352 0.273745 1.462691 0.582941 -0.307408 0.752117 -0.323643 0.000000 0.000000 0.000000 1.000000
0.790803 0.041761 -0.610644 -0.084541 0.174126 0.941096 0.289859 1.465174 0.586780 -0.335551 0.736950 -0.421739 0.000000 0.000000 0.000000 1.000000
0.780785 0.034567 -0.623843 -0.211017 0.205048 0.928991 0.308109 1.469141 0.590195 -0.368485 0.718254 -0.559781 0.000000 0.000000 0.000000 1.000000
0.769835 0.027605 -0.637646 -0.348748 0.237080 0.915213 0.325850 1.474092 0.592577 -0.402023 0.698019 -0.717602 0.000000 0.000000 0.000000 1.000000
0.759100 0.021512 -0.650619 -0.475111 0.266568 0.901543 0.340824 1.479579 0.593893 -0.432153 0.678627 -0.875072 0.000000 0.000000 0.000000 1.000000
0.749889 0.016666 -0.661353 -0.567516 0.289919 0.890297 0.351166 1.485193 0.594654 -0.455074 0.662793 -1.012101 0.000000 0.000000 0.000000 1.000000
0.743617 0.013267 -0.668474 -0.603389 0.303601 0.884085 0.355275 1.490550 0.595701 -0.467138 0.653393 -1.108621 0.000000 0.000000 0.000000 1.000000
0.740037 0.012254 -0.672455 -0.597595 0.307815 0.882802 0.354839 1.496284 0.597993 -0.469585 0.649534 -1.175099 0.000000 0.000000 0.000000 1.000000
0.735754 0.012563 -0.677132 -0.581793 0.309689 0.882931 0.352881 1.502894 0.602295 -0.469335 0.645729 -1.235446 0.000000 0.000000 0.000000 1.000000
0.731374 0.013699 -0.681839 -0.558525 0.309193 0.884478 0.349426 1.510078 0.607858 -0.466381 0.642648 -1.289420 0.000000 0.000000 0.000000 1.000000
0.727515 0.015173 -0.685924 -0.530330 0.306288 0.887420 0.344491 1.517535 0.613929 -0.460712 0.640964 -1.336775 0.000000 0.000000 0.000000 1.000000
0.724811 0.016509 -0.688749 -0.499747 0.300942 0.891707 0.338073 1.524961 0.619744 -0.452313 0.641351 -1.377268 0.000000 0.000000 0.000000 1.000000
0.723909 0.017264 -0.689680 -0.469310 0.293133 0.897262 0.330141 1.532050 0.624523 -0.441160 0.644476 -1.410653 0.000000 0.000000 0.000000 1.000000
0.725455 0.017036 -0.688058 -0.441550 0.282863 0.903987 0.320620 1.538495 0.627458 -0.427221 0.650983 -1.436681 0.000000 0.000000 0.000000 1.000000
0.730080 0.015484 -0.683186 -0.418992 0.270168 0.911754 0.309376 1.543989 0.627688 -0.410444 0.661470 -1.455102 0.000000 0.000000 0.000000 1.000000
0.738367 0.012335 -0.674286 -0.404159 0.255129 0.920416 0.296214 1.548226 0.624278 -0.390745 0.676458 -1.465657 0.000000 0.000000 0.000000 1.000000
0.750817 0.007408 -0.660469 -0.399566 0.237891 0.929798 0.280863 1.550899 0.616184 -0.367996 0.696345 -1.468076 0.000000 0.000000 0.000000 1.000000
0.784782 -0.004863 -0.619753 -0.370618 0.198792 0.949109 0.244281 1.576098 0.587025 -0.314909 0.745811 -1.365612 0.000000 0.000000 0.000000 1.000000
0.830424 -0.017523 -0.556856 -0.294570 0.148848 0.970151 0.191445 1.634406 0.536880 -0.241867 0.808245 -1.113455 0.000000 0.000000 0.000000 1.000000
0.877238 -0.024963 -0.479406 -0.194520 0.097413 0.987127 0.126851 1.708877 0.470068 -0.157979 0.868377 -0.785976 0.000000 0.000000 0.000000 1.000000
0.917058 -0.024805 -0.397982 -0.093795 0.052224 0.996938 0.058202 1.782725 0.395320 -0.074159 0.915545 -0.457947 0.000000 0.000000 0.000000 1.000000
0.945421 -0.018586 -0.325321 -0.016068 0.018215 0.999825 -0.004187 1.839425 0.325342 -0.001967 0.945594 -0.204491 0.000000 0.000000 0.000000 1.000000
0.961460 -0.010974 -0.274724 0.014667 -0.002571 0.998800 -0.048898 1.862713 0.274931 0.047720 0.960279 -0.100909 0.000000 0.000000 0.000000 1.000000
0.965344 -0.008376 -0.260847 0.014207 -0.007973 0.998072 -0.061552 1.864489 0.260860 0.061499 0.963416 -0.101959 0.000000 0.000000 0.000000 1.000000
0.967864 -0.006494 -0.251391 0.013587 -0.011542 0.997466 -0.070202 1.868450 0.251210 0.070847 0.965336 -0.107816 0.000000 0.000000 0.000000 1.000000
0.969308 -0.005337 -0.245791 0.012831 -0.013614 0.997065 -0.075335 1.874200 0.245472 0.076369 0.966391 -0.117634 0.000000 0.000000 0.000000 1.000000
0.969895 -0.004848 -0.243473 0.011969 -0.014462 0.996890 -0.077461 1.881335 0.243092 0.078651 0.966809 -0.130563 0.000000 0.000000 0.000000 1.000000
0.969798 -0.004930 -0.243860 0.011037 -0.014321 0.996920 -0.077107 1.889452 0.243489 0.078270 0.966740 -0.145751 0.000000 0.000000 0.000000 1.000000
0.969160 -0.005458 -0.246371 0.010073 -0.013401 0.997108 -0.074803 1.898142 0.246066 0.075798 0.966285 -0.162347 0.000000 0.000000 0.000000 1.000000
0.968115 -0.006296 -0.250426 0.009116 -0.011901 0.997399 -0.071086 1.906995 0.250222 0.071800 0.965522 -0.179495 0.000000 0.000000 0.000000 1.000000
0.966796 -0.007311 -0.255445 0.008206 -0.010023 0.997737 -0.066491 1.915603 0.255353 0.066844 0.964535 -0.196344 0.000000 0.000000 0.000000 1.000000
0.965344 -0.008376 -0.260847 0.007380 -0.007973 0.998072 -0.061552 1.923556 0.260860 0.061499 0.963416 -0.212040 0.000000 0.000000 0.000000 1.000000
0.963913 -0.009373 -0.266054 0.006677 -0.005969 0.998368 -0.056799 1.930449 0.266152 0.056337 0.962283 -0.225730 0.000000 0.000000 0.000000 1.000000
0.962670 -0.010201 -0.270486 0.006131 -0.004241 0.998598 -0.052757 1.935874 0.270645 0.051935 0.961277 -0.236562 0.000000 0.000000 0.000000 1.000000
0.961792 -0.010765 -0.273569 0.005778 -0.003029 0.998747 -0.049950 1.939425 0.273764 0.048870 0.960555 -0.243686 0.000000 0.000000 0.000000 1.000000
0.961460 -0.010974 -0.274724 0.005653 -0.002571 0.998800 -0.048898 1.940700 0.274931 0.047720 0.960279 -0.246250 0.000000 0.000000 0.000000 1.000000</float_array><technique_common><accessor source="#jnt_hips-Matrix-animation-output-transform-array" count="37" stride="16"><param type="float4x4"/></accessor></technique_common></source><source id="jnt_hips-Interpolations"><Name_array id="jnt_hips-Interpolations-array" count="37">
 LINEAR LINEAR LINEAR LINEAR LINEAR LINEAR LINEAR LINEAR LINEAR LINEAR LINEAR
LINEAR LINEAR LINEAR LINEAR LINEAR LINEAR LINEAR LINEAR LINEAR LINEAR LINEAR LINEAR
LINEAR LINEAR LINEAR LINEAR LINEAR LINEAR LINEAR LINEAR LINEAR LINEAR LINEAR LINEAR
LINEAR LINEAR</Name_array><technique_common><accessor source="#jnt_hips-Interpolations-array" count="37"><param type="name"/></accessor></technique_common></source><sampler id="jnt_hips-Matrix-animation-transform"><input semantic="INPUT" source="#jnt_hips-Matrix-animation-input"/><input semantic="OUTPUT" source="#jnt_hips-Matrix-animation-output-transform"/><input semantic="INTERPOLATION" source="#jnt_hips-Interpolations"/></sampler><channel source="#jnt_hips-Matrix-animation-transform" target="jnt_hips/matrix"/></animation></animation>
    <animation id="jnt_right_upleg-anim" name="jnt_right_upleg"><animation><source id="jnt_right_upleg-Matrix-animation-input"><float_array id="jnt_right_upleg-Matrix-animation-input-array" count="37">

0.000000 0.033333 0.066667 0.100000 0.133333 0.166667 0.200000 0.233333 0.266667 0.300000 0.333333 0.366667 0.400000 0.433333 0.466667 0.500000
0.533333 0.566667 0.600000 0.633333 0.666667 0.700000 0.733333 0.766667 0.800000 0.833333 0.866667 0.900000 0.933333 0.966667 1.000000 1.033333
1.066667 1.100000 1.133333 1.166667 1.200000</float_array><technique_common><accessor source="#jnt_right_upleg-Matrix-animation-input-array" count="37"><param name="TIME" type="float"/></accessor></technique_common></source><source id="jnt_right_upleg-Matrix-animation-output-transform"><float_array id="jnt_right_upleg-Matrix-animation-output-transform-array" count="592">

-0.587956 0.119174 -0.800066 -0.446780 -0.808844 -0.075739 0.583125 -0.111214 0.008898 0.989980 0.140924 0.043020 0.000000 0.000000 0.000000 1.000000
-0.606198 0.098267 -0.789219 -0.446780 -0.795290 -0.082545 0.600583 -0.111214 -0.006129 0.991731 0.128189 0.043020 0.000000 0.000000 0.000000 1.000000
-0.629155 0.033078 -0.776576 -0.446779 -0.775620 -0.091970 0.624464 -0.111214 -0.050766 0.995212 0.083520 0.043020 0.000000 0.000000 0.000000 1.000000
-0.640456 -0.056278 -0.765930 -0.446780 -0.759092 -0.105026 0.642455 -0.111215 -0.116598 0.992876 0.024544 0.043020 0.000000 0.000000 0.000000 1.000000
-0.620450 -0.144491 -0.770820 -0.446780 -0.762889 -0.116616 0.635925 -0.111214 -0.181776 0.982610 -0.037876 0.043020 0.000000 0.000000 0.000000 1.000000
-0.575728 -0.216352 -0.788498 -0.446779 -0.781742 -0.136962 0.608375 -0.111214 -0.239618 0.966661 -0.090278 0.043020 0.000000 0.000000 0.000000 1.000000
-0.534911 -0.261342 -0.803474 -0.446779 -0.797645 -0.157399 0.582227 -0.111214 -0.278626 0.952327 -0.124263 0.043020 0.000000 0.000000 0.000000 1.000000
-0.508513 -0.270864 -0.817341 -0.446780 -0.819254 -0.139965 0.556087 -0.111215 -0.265023 0.952388 -0.150732 0.043020 0.000000 0.000000 0.000000 1.000000
-0.489690 -0.260853 -0.831961 -0.446780 -0.846001 -0.088673 0.525756 -0.111214 -0.210917 0.961298 -0.177260 0.043020 0.000000 0.000000 0.000000 1.000000
-0.472128 -0.245007 -0.846798 -0.446780 -0.868702 -0.033969 0.494169 -0.111214 -0.149839 0.968926 -0.196800 0.043020 0.000000 0.000000 0.000000 1.000000
-0.454607 -0.225270 -0.861734 -0.446780 -0.886658 0.022484 0.461878 -0.111214 -0.084672 0.974037 -0.209959 0.043020 0.000000 0.000000 0.000000 1.000000
-0.436313 -0.203713 -0.876431 -0.446779 -0.899603 0.078661 0.429565 -0.111214 -0.018567 0.975866 -0.217582 0.043020 0.000000 0.000000 0.000000 1.000000
-0.416893 -0.182436 -0.890459 -0.446780 -0.907829 0.132325 0.397915 -0.111214 0.045236 0.974273 -0.220786 0.043020 0.000000 0.000000 0.000000 1.000000
-0.396404 -0.163477 -0.903404 -0.446780 -0.912209 0.181201 0.367478 -0.111215 0.103624 0.969764 -0.220954 0.043021 0.000000 0.000000 0.000000 1.000000
-0.375176 -0.148749 -0.914941 -0.446780 -0.914101 0.223171 0.338549 -0.111214 0.153829 0.963363 -0.219700 0.043020 0.000000 0.000000 0.000000 1.000000
-0.353589 -0.140021 -0.924861 -0.446780 -0.915160 0.256353 0.311070 -0.111214 0.193535 0.956388 -0.218786 0.043020 0.000000 0.000000 0.000000 1.000000
-0.331821 -0.138959 -0.933052 -0.446780 -0.917125 0.279086 0.284592 -0.111214 0.220855 0.950159 -0.220050 0.043020 0.000000 0.000000 0.000000 1.000000
-0.309557 -0.147184 -0.939421 -0.446780 -0.921590 0.289762 0.258282 -0.111214 0.234193 0.945714 -0.225341 0.043020 0.000000 0.000000 0.000000 1.000000
-0.322280 -0.143926 -0.935639 -0.446780 -0.928432 0.240997 0.282725 -0.111214 0.184795 0.959795 -0.211294 0.043020 0.000000 0.000000 0.000000 1.000000
-0.385030 -0.149622 -0.910695 -0.446780 -0.922855 0.072537 0.378254 -0.111214 0.009464 0.986079 -0.166009 0.043020 0.000000 0.000000 0.000000 1.000000
-0.397870 -0.261019 -0.879528 -0.446780 -0.854610 -0.243230 0.458782 -0.111214 -0.333678 0.934189 -0.126295 0.043020 0.000000 0.000000 0.000000 1.000000
-0.299927 -0.361765 -0.882706 -0.446780 -0.714995 -0.527308 0.459052 -0.111214 -0.631527 0.768812 -0.100506 0.043020 0.000000 0.000000 0.000000 1.000000
-0.267288 -0.297446 -0.916560 -0.446780 -0.753862 -0.527907 0.391161 -0.111214 -0.600207 0.795513 -0.083131 0.043020 0.000000 0.000000 0.000000 1.000000
-0.270035 -0.150304 -0.951047 -0.446779 -0.930600 -0.212758 0.297853 -0.111214 -0.247112 0.965475 -0.082421 0.043020 0.000000 0.000000 0.000000 1.000000
-0.240107 -0.057548 -0.969039 -0.446780 -0.960475 0.158911 0.228548 -0.111214 0.140839 0.985614 -0.093429 0.043020 0.000000 0.000000 0.000000 1.000000
-0.225371 -0.053928 -0.972779 -0.446779 -0.933308 0.298436 0.199682 -0.111214 0.279544 0.952905 -0.117590 0.043020 0.000000 0.000000 0.000000 1.000000
-0.223887 -0.077982 -0.971490 -0.446780 -0.936528 0.293148 0.192299 -0.111214 0.269795 0.952881 -0.138664 0.043020 0.000000 0.000000 0.000000 1.000000
-0.211094 -0.104489 -0.971865 -0.446780 -0.950510 0.253833 0.179165 -0.111214 0.227970 0.961588 -0.152901 0.043020 0.000000 0.000000 0.000000 1.000000
-0.191529 -0.130585 -0.972761 -0.446780 -0.969446 0.179939 0.166721 -0.111214 0.153266 0.974972 -0.161058 0.043020 0.000000 0.000000 0.000000 1.000000
-0.169776 -0.152730 -0.973576 -0.446780 -0.983854 0.083037 0.158542 -0.111214 0.056629 0.984773 -0.164361 0.043020 0.000000 0.000000 0.000000 1.000000
-0.156699 -0.163346 -0.974045 -0.446780 -0.987644 0.023509 0.154944 -0.111214 -0.002410 0.986289 -0.165011 0.043020 0.000000 0.000000 0.000000 1.000000
-0.155760 -0.162874 -0.974275 -0.446780 -0.987794 0.027178 0.153378 -0.111214 0.001498 0.986273 -0.165119 0.043020 0.000000 0.000000 0.000000 1.000000
-0.155374 -0.162338 -0.974426 -0.446780 -0.987845 0.030089 0.152501 -0.111214 0.004563 0.986276 -0.165040 0.043020 0.000000 0.000000 0.000000 1.000000
-0.155388 -0.161936 -0.974490 -0.446780 -0.987831 0.032197 0.152165 -0.111214 0.006734 0.986276 -0.164969 0.043020 0.000000 0.000000 0.000000 1.000000
-0.155649 -0.161749 -0.974480 -0.446780 -0.987779 0.033560 0.152203 -0.111214 0.008084 0.986261 -0.164996 0.043020 0.000000 0.000000 0.000000 1.000000
-0.155953 -0.161730 -0.974434 -0.446780 -0.987725 0.034297 0.152388 -0.111214 0.008775 0.986239 -0.165094 0.043020 0.000000 0.000000 0.000000 1.000000
-0.156099 -0.161750 -0.974408 -0.446780 -0.987701 0.034532 0.152497 -0.111214 0.008982 0.986227 -0.165151 0.043020 0.000000 0.000000 0.000000 1.000000</float_array><technique_common><accessor source="#jnt_right_upleg-Matrix-animation-output-transform-array" count="37" stride="16"><param type="float4x4"/></accessor></technique_common></source><source id="jnt_right_upleg-Interpolations"><Name_array id="jnt_right_upleg-Interpolations-array" count="37">
 LINEAR LINEAR LINEAR LINEAR LINEAR LINEAR LINEAR LINEAR LINEAR LINEAR LINEAR
LINEAR LINEAR LINEAR LINEAR LINEAR LINEAR LINEAR LINEAR LINEAR LINEAR LINEAR LINEAR
LINEAR LINEAR LINEAR LINEAR LINEAR LINEAR LINEAR LINEAR LINEAR LINEAR LINEAR LINEAR
LINEAR LINEAR</Name_array><technique_common><accessor source="#jnt_right_upleg-Interpolations-array" count="37"><param type="name"/></accessor></technique_common></source><sampler id="jnt_right_upleg-Matrix-animation-transform"><input semantic="INPUT" source="#jnt_right_upleg-Matrix-animation-input"/><input semantic="OUTPUT" source="#jnt_right_upleg-Matrix-animation-output-transform"/><input semantic="INTERPOLATION" source="#jnt_right_upleg-Interpolations"/></sampler><channel source="#jnt_right_upleg-Matrix-animation-transform" target="jnt_right_upleg/matrix"/></animation></animation>
    <animation id="jnt_right_uplegroll-anim" name="jnt_right_uplegroll"><animation><source id="jnt_right_uplegroll-Matrix-animation-input"><float_array id="jnt_right_uplegroll-Matrix-animation-input-array" count="37">

0.000000 0.033333 0.066667 0.100000 0.133333 0.166667 0.200000 0.233333 0.266667 0.300000 0.333333 0.366667 0.400000 0.433333 0.466667 0.500000
0.533333 0.566667 0.600000 0.633333 0.666667 0.700000 0.733333 0.766667 0.800000 0.833333 0.866667 0.900000 0.933333 0.966667 1.000000 1.033333
1.066667 1.100000 1.133333 1.166667 1.200000</float_array><technique_common><accessor source="#jnt_right_uplegroll-Matrix-animation-input-array" count="37"><param name="TIME" type="float"/></accessor></technique_common></source><source id="jnt_right_uplegroll-Matrix-animation-output-transform"><float_array id="jnt_right_uplegroll-Matrix-animation-output-transform-array" count="592">

1.000000 0.000000 -0.000000 0.430000 0.000000 1.000000 0.000000 0.000000 0.000000 0.000000 1.000000 0.000000 0.000000 0.000000 0.000000 1.000000
1.000000 -0.000000 -0.000000 0.430000 -0.000000 1.000000 -0.000000 -0.000000 -0.000000 -0.000000 1.000000 -0.000000 0.000000 0.000000 0.000000 1.000000
1.000000 -0.000000 -0.000000 0.430000 0.000000 1.000000 0.000000 0.000000 0.000000 0.000000 1.000000 0.000000 0.000000 0.000000 0.000000 1.000000
1.000000 0.000000 -0.000000 0.430001 -0.000000 1.000000 -0.000000 0.000000 -0.000000 0.000000 1.000000 -0.000000 0.000000 0.000000 0.000000 1.000000
1.000000 0.000000 -0.000000 0.430000 -0.000000 1.000000 -0.000000 0.000000 -0.000000 0.000000 1.000000 0.000000 0.000000 0.000000 0.000000 1.000000
1.000000 -0.000000 -0.000000 0.430000 0.000000 1.000000 0.000000 0.000000 0.000000 -0.000000 1.000000 0.000000 0.000000 0.000000 0.000000 1.000000
1.000000 -0.000000 0.000000 0.430000 -0.000000 1.000000 -0.000000 -0.000000 0.000000 0.000000 1.000000 -0.000000 0.000000 0.000000 0.000000 1.000000
1.000000 -0.000000 0.000000 0.430000 0.000000 1.000000 0.000000 -0.000000 0.000000 0.000000 1.000000 0.000000 0.000000 0.000000 0.000000 1.000000
1.000000 0.000000 0.000000 0.430000 0.000000 1.000000 0.000000 -0.000000 -0.000000 0.000000 1.000000 0.000000 0.000000 0.000000 0.000000 1.000000
1.000000 0.000000 -0.000000 0.430000 -0.000000 1.000000 -0.000000 0.000000 0.000000 0.000000 1.000000 0.000000 0.000000 0.000000 0.000000 1.000000
1.000000 -0.000000 -0.000000 0.430000 -0.000000 1.000000 0.000000 -0.000000 0.000000 0.000000 1.000000 0.000000 0.000000 0.000000 0.000000 1.000000
1.000000 0.000000 0.000000 0.430000 0.000000 1.000000 0.000000 0.000000 0.000000 0.000000 1.000000 0.000000 0.000000 0.000000 0.000000 1.000000
1.000000 0.000000 -0.000000 0.430000 -0.000000 1.000000 -0.000000 -0.000000 0.000000 0.000000 1.000000 0.000000 0.000000 0.000000 0.000000 1.000000
1.000000 0.000000 0.000000 0.430000 -0.000000 1.000000 -0.000000 -0.000000 -0.000000 0.000000 1.000000 0.000000 0.000000 0.000000 0.000000 1.000000
1.000000 -0.000000 0.000000 0.430000 -0.000000 1.000000 0.000000 -0.000000 0.000000 0.000000 1.000000 0.000000 0.000000 0.000000 0.000000 1.000000
1.000000 -0.000000 0.000000 0.430000 0.000000 1.000000 0.000000 -0.000000 0.000000 0.000000 1.000000 0.000000 0.000000 0.000000 0.000000 1.000000
1.000000 0.000000 0.000000 0.430001 -0.000000 1.000000 0.000000 -0.000000 0.000000 0.000000 1.000000 0.000000 0.000000 0.000000 0.000000 1.000000
1.000000 -0.000000 0.000000 0.430000 -0.000000 1.000000 -0.000000 -0.000000 -0.000000 -0.000000 1.000000 0.000000 0.000000 0.000000 0.000000 1.000000
1.000000 0.000000 0.000000 0.430000 0.000000 1.000000 0.000000 -0.000000 0.000000 0.000000 1.000000 0.000000 0.000000 0.000000 0.000000 1.000000
1.000000 0.000000 0.000000 0.430000 -0.000000 1.000000 0.000000 0.000000 0.000000 0.000000 1.000000 0.000000 0.000000 0.000000 0.000000 1.000000
1.000000 0.000000 -0.000000 0.430001 -0.000000 1.000000 -0.000000 0.000000 0.000000 0.000000 1.000000 0.000000 0.000000 0.000000 0.000000 1.000000
1.000000 -0.000000 0.000000 0.430000 0.000000 1.000000 0.000000 0.000000 -0.000000 0.000000 1.000000 0.000000 0.000000 0.000000 0.000000 1.000000
1.000000 0.000000 0.000000 0.430000 0.000000 1.000000 0.000000 0.000000 0.000000 0.000000 1.000000 0.000000 0.000000 0.000000 0.000000 1.000000
1.000000 0.000000 0.000000 0.430000 0.000000 1.000000 0.000000 -0.000000 0.000000 0.000000 1.000000 -0.000000 0.000000 0.000000 0.000000 1.000000
1.000000 0.000000 0.000000 0.430000 0.000000 1.000000 0.000000 0.000000 0.000000 0.000000 1.000000 0.000000 0.000000 0.000000 0.000000 1.000000
1.000000 0.000000 0.000000 0.430000 0.000000 1.000000 0.000000 -0.000000 -0.000000 0.000000 1.000000 -0.000000 0.000000 0.000000 0.000000 1.000000
1.000000 -0.000000 -0.000000 0.430001 0.000000 1.000000 0.000000 0.000000 -0.000000 0.000000 1.000000 0.000000 0.000000 0.000000 0.000000 1.000000
1.000000 0.000000 0.000000 0.430000 0.000000 1.000000 -0.000000 0.000000 0.000000 -0.000000 1.000000 0.000000 0.000000 0.000000 0.000000 1.000000
1.000000 -0.000000 0.000000 0.430000 0.000000 1.000000 0.000000 -0.000000 0.000000 0.000000 1.000000 -0.000000 0.000000 0.000000 0.000000 1.000000
1.000000 -0.000000 -0.000000 0.430000 0.000000 1.000000 0.000000 0.000000 -0.000000 0.000000 1.000000 0.000000 0.000000 0.000000 0.000000 1.000000
1.000000 -0.000000 -0.000000 0.430000 -0.000000 1.000000 0.000000 0.000000 0.000000 -0.000000 1.000000 0.000000 0.000000 0.000000 0.000000 1.000000
1.000000 -0.000000 -0.000000 0.430000 0.000000 1.000000 0.000000 0.000000 0.000000 0.000000 1.000000 0.000000 0.000000 0.000000 0.000000 1.000000
1.000000 -0.000000 0.000000 0.430000 0.000000 1.000000 0.000000 0.000000 0.000000 0.000000 1.000000 0.000000 0.000000 0.000000 0.000000 1.000000
1.000000 0.000000 -0.000000 0.430000 0.000000 1.000000 0.000000 0.000000 0.000000 -0.000000 1.000000 0.000000 0.000000 0.000000 0.000000 1.000000
1.000000 -0.000000 0.000000 0.430000 0.000000 1.000000 -0.000000 0.000000 -0.000000 0.000000 1.000000 0.000000 0.000000 0.000000 0.000000 1.000000
1.000000 0.000000 0.000000 0.430000 0.000000 1.000000 0.000000 -0.000000 0.000000 0.000000 1.000000 0.000000 0.000000 0.000000 0.000000 1.000000
1.000000 0.000000 -0.000000 0.430000 0.000000 1.000000 0.000000 0.000000 -0.000000 0.000000 1.000000 0.000000 0.000000 0.000000 0.000000 1.000000</float_array><technique_common><accessor source="#jnt_right_uplegroll-Matrix-animation-output-transform-array" count="37" stride="16"><param type="float4x4"/></accessor></technique_common></source><source id="jnt_right_uplegroll-Interpolations"><Name_array id="jnt_right_uplegroll-Interpolations-array" count="37">
 LINEAR LINEAR LINEAR LINEAR LINEAR LINEAR LINEAR LINEAR LINEAR LINEAR LINEAR
LINEAR LINEAR LINEAR LINEAR LINEAR LINEAR LINEAR LINEAR LINEAR LINEAR LINEAR LINEAR
LINEAR LINEAR LINEAR LINEAR LINEAR LINEAR LINEAR LINEAR LINEAR LINEAR LINEAR LINEAR
LINEAR LINEAR</Name_array><technique_common><accessor source="#jnt_right_uplegroll-Interpolations-array" count="37"><param type="name"/></accessor></technique_common></source><sampler id="jnt_right_uplegroll-Matrix-animation-transform"><input semantic="INPUT" source="#jnt_right_uplegroll-Matrix-animation-input"/><input semantic="OUTPUT" source="#jnt_right_uplegroll-Matrix-animation-output-transform"/><input semantic="INTERPOLATION" source="#jnt_right_uplegroll-Interpolations"/></sampler><channel source="#jnt_right_uplegroll-Matrix-animation-transform" target="jnt_right_uplegroll/matrix"/></animation></animation>
    <animation id="jnt_right_leg-anim" name="jnt_right_leg"><animation><source id="jnt_right_leg-Matrix-animation-input"><float_array id="jnt_right_leg-Matrix-animation-input-array" count="37">

0.000000 0.033333 0.066667 0.100000 0.133333 0.166667 0.200000 0.233333 0.266667 0.300000 0.333333 0.366667 0.400000 0.433333 0.466667 0.500000
0.533333 0.566667 0.600000 0.633333 0.666667 0.700000 0.733333 0.766667 0.800000 0.833333 0.866667 0.900000 0.933333 0.966667 1.000000 1.033333
1.066667 1.100000 1.133333 1.166667 1.200000</float_array><technique_common><accessor source="#jnt_right_leg-Matrix-animation-input-array" count="37"><param name="TIME" type="float"/></accessor></technique_common></source><source id="jnt_right_leg-Matrix-animation-output-transform"><float_array id="jnt_right_leg-Matrix-animation-output-transform-array" count="592">

0.214556 0.962407 0.166546 0.860324 -0.976376 0.206874 0.062392 0.000000 0.025593 -0.175998 0.984058 0.000000 0.000000 0.000000 0.000000 1.000000
0.181012 0.960608 0.210873 0.860324 -0.983129 0.171003 0.064927 -0.000000 0.026309 -0.219068 0.975355 -0.000000 0.000000 0.000000 0.000000 1.000000
0.117827 0.956366 0.267358 0.860324 -0.992648 0.105924 0.058570 0.000000 0.027694 -0.272294 0.961816 0.000000 0.000000 0.000000 0.000000 1.000000
0.053054 0.947286 0.315965 0.860325 -0.998171 0.041122 0.044316 -0.000000 0.028987 -0.317738 0.947735 -0.000000 0.000000 0.000000 0.000000 1.000000
0.002009 0.947500 0.319751 0.860325 -0.999558 -0.007581 0.028743 -0.000001 0.029658 -0.319667 0.947066 0.000000 0.000000 0.000000 0.000000 1.000000
0.009208 0.956218 0.292511 0.860324 -0.999521 0.000154 0.030961 0.000000 0.029560 -0.292656 0.955761 0.000000 0.000000 0.000000 0.000000 1.000000
0.055330 0.962670 0.264963 0.860324 -0.998042 0.045574 0.042832 -0.000000 0.029157 -0.266814 0.963307 0.000000 0.000000 0.000000 0.000000 1.000000
0.053748 0.967685 0.246366 0.860324 -0.998130 0.044872 0.041506 -0.000000 0.029110 -0.248136 0.968288 -0.000000 0.000000 0.000000 0.000000 1.000000
0.006530 0.972927 0.231022 0.860324 -0.999545 -0.000451 0.030153 -0.000000 0.029441 -0.231114 0.972481 0.000000 0.000000 0.000000 0.000000 1.000000
-0.034870 0.975929 0.215285 0.860324 -0.998950 -0.040441 0.021526 0.000000 0.029714 -0.214308 0.976314 -0.000000 0.000000 0.000000 0.000000 1.000000
-0.069522 0.977390 0.199690 0.860324 -0.997132 -0.074088 0.015479 -0.000000 0.029924 -0.198041 0.979737 -0.000000 0.000000 0.000000 0.000000 1.000000
-0.096659 0.978033 0.184684 0.860324 -0.994863 -0.100542 0.011755 0.000001 0.030065 -0.182599 0.982728 -0.000000 0.000000 0.000000 0.000000 1.000000
-0.115887 0.978518 0.170508 0.860325 -0.992805 -0.119324 0.010012 0.000000 0.030142 -0.168121 0.985305 0.000000 0.000000 0.000000 0.000000 1.000000
-0.127268 0.979342 0.157140 0.860324 -0.991409 -0.130421 0.009876 0.000000 0.030166 -0.154533 0.987527 -0.000000 0.000000 0.000000 0.000000 1.000000
-0.131304 0.980787 0.144281 0.860324 -0.990883 -0.134273 0.010990 0.000001 0.030152 -0.141522 0.989476 0.000000 0.000000 0.000000 0.000000 1.000000
-0.128777 0.982930 0.131396 0.860324 -0.991216 -0.131606 0.013044 0.000001 0.030114 -0.128562 0.991244 -0.000000 0.000000 0.000000 0.000000 1.000000
-0.120485 0.985706 0.117761 0.860325 -0.992260 -0.123172 0.015783 0.000001 0.030062 -0.114948 0.992917 0.000000 0.000000 0.000000 0.000000 1.000000
-0.106845 0.988976 0.102522 0.860324 -0.993823 -0.109339 0.019003 0.000001 0.030004 -0.099858 0.994549 -0.000000 0.000000 0.000000 0.000000 1.000000
-0.018178 0.995100 0.097189 0.860324 -0.999395 -0.020967 0.027749 0.000001 0.029651 -0.096626 0.994879 0.000000 0.000000 0.000000 0.000000 1.000000
0.247373 0.964156 0.095964 0.860324 -0.968540 0.243285 0.052371 0.000001 0.027148 -0.105900 0.994006 0.000000 0.000000 0.000000 0.000000 1.000000
0.766273 0.641736 0.031641 0.860324 -0.642365 0.764101 0.059306 0.000000 0.013882 -0.065770 0.997738 0.000000 0.000000 0.000000 0.000000 1.000000
0.999972 0.001426 0.007306 0.860324 -0.001006 0.998366 -0.057142 0.000000 -0.007376 0.057133 0.998339 0.000000 0.000000 0.000000 0.000000 1.000000
0.999978 0.001072 0.006570 0.860325 -0.000214 0.991606 -0.129296 0.000000 -0.006653 0.129292 0.991584 -0.000000 0.000000 0.000000 0.000000 1.000000
0.803019 0.588394 -0.094616 0.860325 -0.595769 0.796531 -0.102945 -0.000000 0.014792 0.139036 0.990177 0.000000 0.000000 0.000000 0.000000 1.000000
0.344016 0.923892 -0.167562 0.860324 -0.938494 0.343971 -0.030230 0.000000 0.029707 0.167655 0.985398 0.000000 0.000000 0.000000 0.000000 1.000000
0.187042 0.969836 -0.156311 0.860325 -0.981814 0.189824 0.002932 0.000000 0.032515 0.152920 0.987704 0.000000 0.000000 0.000000 0.000000 1.000000
0.253647 0.956994 -0.140806 0.860324 -0.966778 0.255579 -0.004488 0.000000 0.031692 0.137267 0.990027 0.000000 0.000000 0.000000 0.000000 1.000000
0.413814 0.902128 -0.122159 0.860324 -0.909899 0.414141 -0.023911 0.000000 0.029021 0.121047 0.992222 0.000000 0.000000 0.000000 0.000000 1.000000
0.619651 0.778621 -0.098905 0.860324 -0.784515 0.618258 -0.047894 0.000000 0.023858 0.107270 0.993944 0.000000 0.000000 0.000000 0.000000 1.000000
0.806054 0.587388 -0.072473 0.860324 -0.591604 0.803139 -0.070519 0.000000 0.016783 0.099717 0.994874 0.000000 0.000000 0.000000 0.000000 1.000000
0.890359 0.451947 -0.054813 0.860324 -0.455093 0.886805 -0.080413 0.000000 0.012266 0.096542 0.995253 0.000000 0.000000 0.000000 0.000000 1.000000
0.894599 0.443802 -0.052275 0.860324 -0.446712 0.891257 -0.078167 0.000000 0.011900 0.093280 0.995569 0.000000 0.000000 0.000000 0.000000 1.000000
0.898567 0.435928 -0.050445 0.860324 -0.438690 0.895288 -0.077530 0.000000 0.011365 0.091796 0.995713 0.000000 0.000000 0.000000 0.000000 1.000000
0.902120 0.428661 -0.049292 0.860324 -0.431352 0.898774 -0.078356 0.000000 0.010714 0.091948 0.995706 0.000000 0.000000 0.000000 0.000000 1.000000
0.905021 0.422568 -0.048719 0.860324 -0.425249 0.901516 -0.080205 0.000000 0.010029 0.093304 0.995587 0.000000 0.000000 0.000000 0.000000 1.000000
0.906978 0.418365 -0.048586 0.860324 -0.421070 0.903297 -0.082185 -0.000000 0.009505 0.094998 0.995432 0.000000 0.000000 0.000000 0.000000 1.000000
0.907688 0.416820 -0.048616 0.860324 -0.419543 0.903923 -0.083111 0.000000 0.009303 0.095835 0.995354 0.000000 0.000000 0.000000 0.000000 1.000000</float_array><technique_common><accessor source="#jnt_right_leg-Matrix-animation-output-transform-array" count="37" stride="16"><param type="float4x4"/></accessor></technique_common></source><source id="jnt_right_leg-Interpolations"><Name_array id="jnt_right_leg-Interpolations-array" count="37">
 LINEAR LINEAR LINEAR LINEAR LINEAR LINEAR LINEAR LINEAR LINEAR LINEAR LINEAR
LINEAR LINEAR LINEAR LINEAR LINEAR LINEAR LINEAR LINEAR LINEAR LINEAR LINEAR LINEAR
LINEAR LINEAR LINEAR LINEAR LINEAR LINEAR LINEAR LINEAR LINEAR LINEAR LINEAR LINEAR
LINEAR LINEAR</Name_array><technique_common><accessor source="#jnt_right_leg-Interpolations-array" count="37"><param type="name"/></accessor></technique_common></source><sampler id="jnt_right_leg-Matrix-animation-transform"><input semantic="INPUT" source="#jnt_right_leg-Matrix-animation-input"/><input semantic="OUTPUT" source="#jnt_right_leg-Matrix-animation-output-transform"/><input semantic="INTERPOLATION" source="#jnt_right_leg-Interpolations"/></sampler><channel source="#jnt_right_leg-Matrix-animation-transform" target="jnt_right_leg/matrix"/></animation></animation>
    <animation id="jnt_right_legroll-anim" name="jnt_right_legroll"><animation><source id="jnt_right_legroll-Matrix-animation-input"><float_array id="jnt_right_legroll-Matrix-animation-input-array" count="37">

0.000000 0.033333 0.066667 0.100000 0.133333 0.166667 0.200000 0.233333 0.266667 0.300000 0.333333 0.366667 0.400000 0.433333 0.466667 0.500000
0.533333 0.566667 0.600000 0.633333 0.666667 0.700000 0.733333 0.766667 0.800000 0.833333 0.866667 0.900000 0.933333 0.966667 1.000000 1.033333
1.066667 1.100000 1.133333 1.166667 1.200000</float_array><technique_common><accessor source="#jnt_right_legroll-Matrix-animation-input-array" count="37"><param name="TIME" type="float"/></accessor></technique_common></source><source id="jnt_right_legroll-Matrix-animation-output-transform"><float_array id="jnt_right_legroll-Matrix-animation-output-transform-array" count="592">

1.000000 -0.000001 -0.000000 0.384000 0.000001 0.992969 0.118377 -0.000000 -0.000000 -0.118377 0.992969 0.000000 0.000000 0.000000 0.000000 1.000000
1.000000 -0.000001 -0.000000 0.384000 0.000001 0.991290 0.131694 0.000000 0.000000 -0.131694 0.991290 0.000000 0.000000 0.000000 0.000000 1.000000
1.000000 -0.000001 -0.000000 0.384000 0.000001 0.986970 0.160904 0.000000 -0.000000 -0.160904 0.986970 -0.000000 0.000000 0.000000 0.000000 1.000000
1.000000 0.000000 -0.000000 0.384000 -0.000000 0.985363 0.170470 0.000000 0.000000 -0.170470 0.985363 0.000000 0.000000 0.000000 0.000000 1.000000
1.000000 -0.000001 -0.000000 0.384000 0.000001 0.985997 0.166762 0.000000 0.000000 -0.166762 0.985997 0.000000 0.000000 0.000000 0.000000 1.000000
1.000000 -0.000000 -0.000000 0.384000 0.000000 0.987824 0.155575 0.000000 -0.000000 -0.155575 0.987824 0.000000 0.000000 0.000000 0.000000 1.000000
1.000000 0.000000 -0.000001 0.384000 0.000000 0.988712 0.149830 -0.000000 0.000001 -0.149830 0.988712 0.000000 0.000000 0.000000 0.000000 1.000000
1.000000 -0.000000 0.000000 0.384000 0.000000 0.989173 0.146754 -0.000000 0.000000 -0.146754 0.989173 -0.000000 0.000000 0.000000 0.000000 1.000000
1.000000 0.000000 -0.000000 0.384000 -0.000000 0.989771 0.142663 -0.000000 -0.000000 -0.142663 0.989771 0.000000 0.000000 0.000000 0.000000 1.000000
1.000000 0.000000 -0.000001 0.384000 -0.000000 0.990172 0.139854 0.000000 0.000001 -0.139854 0.990172 0.000000 0.000000 0.000000 0.000000 1.000000
1.000000 0.000000 -0.000001 0.384000 -0.000000 0.990428 0.138031 -0.000000 0.000001 -0.138031 0.990428 -0.000000 0.000000 0.000000 0.000000 1.000000
1.000000 0.000000 0.000000 0.384000 0.000000 0.990591 0.136857 0.000000 -0.000000 -0.136857 0.990591 0.000000 0.000000 0.000000 0.000000 1.000000
1.000000 0.000000 -0.000001 0.384000 -0.000000 0.990717 0.135943 0.000000 0.000001 -0.135943 0.990717 -0.000000 0.000000 0.000000 0.000000 1.000000
1.000000 -0.000000 0.000000 0.384000 -0.000000 0.990864 0.134862 0.000000 -0.000000 -0.134862 0.990864 0.000000 0.000000 0.000000 0.000000 1.000000
1.000000 -0.000000 0.000000 0.384000 -0.000000 0.991093 0.133173 0.000000 -0.000000 -0.133173 0.991093 -0.000000 0.000000 0.000000 0.000000 1.000000
1.000000 0.000000 -0.000000 0.384000 0.000000 0.991455 0.130452 -0.000000 0.000000 -0.130452 0.991455 0.000000 0.000000 0.000000 0.000000 1.000000
1.000000 0.000000 -0.000001 0.384000 0.000000 0.991992 0.126300 0.000000 0.000001 -0.126300 0.991992 0.000000 0.000000 0.000000 0.000000 1.000000
1.000000 -0.000000 0.000000 0.384000 0.000000 0.992730 0.120361 -0.000000 0.000000 -0.120361 0.992730 -0.000000 0.000000 0.000000 0.000000 1.000000
1.000000 0.000000 0.000000 0.384000 0.000000 0.992841 0.119441 -0.000000 0.000000 -0.119441 0.992841 -0.000000 0.000000 0.000000 0.000000 1.000000
1.000000 0.000000 0.000000 0.384000 -0.000000 0.991823 0.127619 -0.000000 0.000000 -0.127619 0.991823 0.000000 0.000000 0.000000 0.000000 1.000000
1.000000 0.000000 0.000000 0.384000 -0.000000 0.990684 0.136184 0.000000 0.000000 -0.136184 0.990684 0.000000 0.000000 0.000000 0.000000 1.000000
1.000000 0.000000 -0.000000 0.384000 0.000000 0.991578 0.129509 -0.000000 -0.000000 -0.129509 0.991578 0.000000 0.000000 0.000000 0.000000 1.000000
1.000000 0.000000 -0.000000 0.384000 0.000000 0.996295 0.086002 -0.000000 -0.000000 -0.086002 0.996295 0.000000 0.000000 0.000000 0.000000 1.000000
1.000000 -0.000000 -0.000000 0.384000 0.000000 0.999868 0.016268 0.000000 0.000000 -0.016268 0.999868 0.000000 0.000000 0.000000 0.000000 1.000000
1.000000 0.000000 0.000000 0.384000 -0.000000 0.999891 -0.014757 -0.000000 0.000000 0.014757 0.999891 0.000000 0.000000 0.000000 0.000000 1.000000
1.000000 0.000000 0.000000 0.384000 -0.000000 0.999220 -0.039479 -0.000000 0.000000 0.039479 0.999220 -0.000000 0.000000 0.000000 0.000000 1.000000
1.000000 -0.000000 0.000000 0.384000 0.000000 0.999313 -0.037058 0.000000 0.000000 0.037058 0.999313 -0.000000 0.000000 0.000000 0.000000 1.000000
1.000000 -0.000000 0.000000 0.384000 0.000000 0.999511 -0.031284 0.000000 -0.000000 0.031284 0.999511 0.000000 0.000000 0.000000 0.000000 1.000000
1.000000 -0.000000 0.000000 0.384000 -0.000000 0.999702 -0.024392 -0.000000 0.000000 0.024392 0.999702 -0.000000 0.000000 0.000000 0.000000 1.000000
1.000000 0.000000 -0.000000 0.384000 0.000000 0.999827 -0.018617 0.000000 0.000000 0.018617 0.999827 0.000000 0.000000 0.000000 0.000000 1.000000
1.000000 0.000000 0.000000 0.384000 0.000000 0.999869 -0.016194 -0.000000 -0.000000 0.016194 0.999869 -0.000000 0.000000 0.000000 0.000000 1.000000
1.000000 0.000000 -0.000000 0.384000 -0.000000 0.999888 -0.014995 -0.000000 0.000000 0.014995 0.999888 0.000000 0.000000 0.000000 0.000000 1.000000
1.000000 -0.000000 0.000000 0.384000 0.000000 0.999928 -0.011996 0.000000 -0.000000 0.011996 0.999928 0.000000 0.000000 0.000000 0.000000 1.000000
1.000000 0.000000 0.000000 0.384000 0.000000 0.999967 -0.008098 -0.000000 0.000000 0.008098 0.999967 0.000000 0.000000 0.000000 0.000000 1.000000
1.000000 0.000000 0.000000 0.384000 -0.000000 0.999991 -0.004199 -0.000000 0.000000 0.004199 0.999991 0.000000 0.000000 0.000000 0.000000 1.000000
1.000000 0.000000 0.000000 0.384000 0.000000 0.999999 -0.001200 -0.000000 -0.000000 0.001200 0.999999 0.000000 0.000000 0.000000 0.000000 1.000000
1.000000 0.000000 -0.000000 0.384000 0.000000 1.000000 0.000000 -0.000000 0.000000 0.000000 1.000000 0.000000 0.000000 0.000000 0.000000 1.000000</float_array><technique_common><accessor source="#jnt_right_legroll-Matrix-animation-output-transform-array" count="37" stride="16"><param type="float4x4"/></accessor></technique_common></source><source id="jnt_right_legroll-Interpolations"><Name_array id="jnt_right_legroll-Interpolations-array" count="37">
 LINEAR LINEAR LINEAR LINEAR LINEAR LINEAR LINEAR LINEAR LINEAR LINEAR LINEAR
LINEAR LINEAR LINEAR LINEAR LINEAR LINEAR LINEAR LINEAR LINEAR LINEAR LINEAR LINEAR
LINEAR LINEAR LINEAR LINEAR LINEAR LINEAR LINEAR LINEAR LINEAR LINEAR LINEAR LINEAR
LINEAR LINEAR</Name_array><technique_common><accessor source="#jnt_right_legroll-Interpolations-array" count="37"><param type="name"/></accessor></technique_common></source><sampler id="jnt_right_legroll-Matrix-animation-transform"><input semantic="INPUT" source="#jnt_right_legroll-Matrix-animation-input"/><input semantic="OUTPUT" source="#jnt_right_legroll-Matrix-animation-output-transform"/><input semantic="INTERPOLATION" source="#jnt_right_legroll-Interpolations"/></sampler><channel source="#jnt_right_legroll-Matrix-animation-transform" target="jnt_right_legroll/matrix"/></animation></animation>
    <animation id="jnt_right_foot-anim" name="jnt_right_foot"><animation><source id="jnt_right_foot-Matrix-animation-input"><float_array id="jnt_right_foot-Matrix-animation-input-array" count="37">

0.000000 0.033333 0.066667 0.100000 0.133333 0.166667 0.200000 0.233333 0.266667 0.300000 0.333333 0.366667 0.400000 0.433333 0.466667 0.500000
0.533333 0.566667 0.600000 0.633333 0.666667 0.700000 0.733333 0.766667 0.800000 0.833333 0.866667 0.900000 0.933333 0.966667 1.000000 1.033333
1.066667 1.100000 1.133333 1.166667 1.200000</float_array><technique_common><accessor source="#jnt_right_foot-Matrix-animation-input-array" count="37"><param name="TIME" type="float"/></accessor></technique_common></source><source id="jnt_right_foot-Matrix-animation-output-transform"><float_array id="jnt_right_foot-Matrix-animation-output-transform-array" count="592">

-0.568386 -0.736511 0.366727 0.768145 0.822094 -0.526341 0.217087 0.000000 0.033137 0.424873 0.904646 -0.000000 0.000000 0.000000 0.000000 1.000000
-0.535465 -0.777854 0.328968 0.768144 0.844477 -0.498520 0.195800 0.000000 0.011693 0.382650 0.923819 -0.000000 0.000000 0.000000 0.000000 1.000000
-0.500931 -0.833619 0.232696 0.768144 0.864881 -0.472087 0.170632 0.000001 -0.032389 0.286729 0.957464 -0.000000 0.000000 0.000000 0.000000 1.000000
-0.475947 -0.873040 0.106188 0.768144 0.877432 -0.463145 0.124940 0.000000 -0.059897 0.152638 0.986465 0.000000 0.000000 0.000000 0.000000 1.000000
-0.490641 -0.871216 -0.015946 0.768145 0.868398 -0.490398 0.073455 0.000000 -0.071815 0.022192 0.997171 0.000000 0.000000 0.000000 0.000000 1.000000
-0.577685 -0.810444 -0.097267 0.768144 0.812308 -0.582504 0.029078 0.000000 -0.080225 -0.062212 0.994833 0.000000 0.000000 0.000000 0.000000 1.000000
-0.688819 -0.710780 -0.142545 0.768145 0.717730 -0.696311 0.003772 -0.000000 -0.101936 -0.099711 0.989781 0.000000 0.000000 0.000000 0.000000 1.000000
-0.759103 -0.627382 -0.173650 0.768144 0.639343 -0.768722 -0.017533 -0.000000 -0.122489 -0.124331 0.984651 0.000001 0.000000 0.000000 0.000000 1.000000
