<?xml version="1.0" encoding="utf-8"?>
<COLLADA xmlns="http://www.collada.org/2005/11/COLLADASchema" version="1.4.1">
  <asset><contributor><author></author><authoring_tool>FBX COLLADA exporter</authoring_tool><comments></comments></contributor><created>2018-04-24T17:43:23Z</created><keywords></keywords><modified>2018-04-24T17:43:23Z</modified><revision></revision><subject></subject><title></title><unit meter="0.010000" name="centimeter"></unit><up_axis>Y_UP</up_axis></asset>
  <library_animations>
    <animation id="jnt_hips-anim" name="jnt_hips"><animation><source id="jnt_hips-Matrix-animation-input"><float_array id="jnt_hips-Matrix-animation-input-array" count="19">

0.000000 0.033333 0.066667 0.100000 0.133333 0.166667 0.200000 0.233333 0.266667 0.300000 0.333333 0.366667 0.400000 0.433333 0.466667 0.500000
0.533333 0.566667 0.600000</float_array><technique_common><accessor source="#jnt_hips-Matrix-animation-input-array" count="19"><param name="TIME" type="float"/></accessor></technique_common></source><source id="jnt_hips-Matrix-animation-output-transform"><float_array id="jnt_hips-Matrix-animation-output-transform-array" count="304">

0.962594 0.027122 -0.269588 0.056394 -0.108833 0.949888 -0.293034 1.872556 0.248130 0.311412 0.917308 -0.004831 0.000000 0.000000 0.000000 1.000000
0.923581 0.027633 -0.382407 0.069128 -0.152532 0.941553 -0.300354 1.848771 0.351756 0.335731 0.873815 -0.000257 0.000000 0.000000 0.000000 1.000000
0.893558 0.039482 -0.447207 0.058026 -0.194537 0.931800 -0.306436 1.797541 0.404609 0.360817 0.840299 0.002255 0.000000 0.000000 0.000000 1.000000
0.912170 0.012534 -0.409620 0.057778 -0.164411 0.926760 -0.337764 1.829048 0.375386 0.375444 0.847424 0.006614 0.000000 0.000000 0.000000 1.000000
0.959300 -0.031959 -0.280574 0.029626 -0.076510 0.926998 -0.367180 1.896291 0.271826 0.373703 0.886824 0.003407 0.000000 0.000000 0.000000 1.000000
0.990087 -0.049110 -0.131592 -0.018684 -0.002560 0.930419 -0.366489 1.939299 0.140434 0.363192 0.921070 0.000765 0.000000 0.000000 0.000000 1.000000
0.999464 -0.032599 -0.003029 -0.035955 0.029379 0.933866 -0.356414 1.915781 0.014448 0.356134 0.934323 -0.000591 0.000000 0.000000 0.000000 1.000000
0.992720 -0.011636 0.119883 -0.042887 0.054250 0.931843 -0.358783 1.882536 -0.107538 0.362675 0.925690 0.000506 0.000000 0.000000 0.000000 1.000000
0.975040 -0.001565 0.222023 -0.038639 0.086379 0.923869 -0.372832 1.841803 -0.204537 0.382705 0.900945 0.003797 0.000000 0.000000 0.000000 1.000000
0.971252 0.011097 0.237795 -0.028225 0.083851 0.918946 -0.385365 1.824012 -0.222798 0.394226 0.891598 0.005480 0.000000 0.000000 0.000000 1.000000
0.989460 0.032696 0.141070 -0.011517 0.023008 0.926307 -0.376066 1.855268 -0.142970 0.375348 0.915791 0.002343 0.000000 0.000000 0.000000 1.000000
0.999144 0.041358 0.001313 0.026987 -0.038504 0.940899 -0.336493 1.893470 -0.015152 0.336154 0.941685 -0.003127 0.000000 0.000000 0.000000 1.000000
0.994481 0.024583 -0.101993 0.053148 -0.054247 0.952606 -0.299330 1.880422 0.089801 0.303211 0.948683 -0.007090 0.000000 0.000000 0.000000 1.000000
0.984845 0.004794 -0.173371 0.057789 -0.054467 0.957595 -0.282922 1.841447 0.164663 0.288077 0.943344 -0.008546 0.000000 0.000000 0.000000 1.000000
0.962594 0.027122 -0.269588 0.055736 -0.108833 0.949888 -0.293034 1.872556 0.248130 0.311412 0.917308 -0.004831 0.000000 0.000000 0.000000 1.000000
0.962594 0.027122 -0.269588 0.055736 -0.108833 0.949888 -0.293034 1.872556 0.248130 0.311412 0.917308 -0.004831 0.000000 0.000000 0.000000 1.000000
0.962594 0.027122 -0.269588 0.055736 -0.108833 0.949888 -0.293034 1.872556 0.248130 0.311412 0.917308 -0.004831 0.000000 0.000000 0.000000 1.000000
0.962594 0.027122 -0.269588 0.055736 -0.108833 0.949888 -0.293034 1.872556 0.248130 0.311412 0.917308 -0.004831 0.000000 0.000000 0.000000 1.000000
0.962594 0.027122 -0.269588 0.055736 -0.108833 0.949888 -0.293034 1.872556 0.248130 0.311412 0.917308 -0.004831 0.000000 0.000000 0.000000 1.000000</float_array><technique_common><accessor source="#jnt_hips-Matrix-animation-output-transform-array" count="19" stride="16"><param type="float4x4"/></accessor></technique_common></source><source id="jnt_hips-Interpolations"><Name_array id="jnt_hips-Interpolations-array" count="19">
 LINEAR LINEAR LINEAR LINEAR LINEAR LINEAR LINEAR LINEAR LINEAR LINEAR LINEAR
LINEAR LINEAR LINEAR LINEAR LINEAR LINEAR LINEAR LINEAR</Name_array><technique_common><accessor source="#jnt_hips-Interpolations-array" count="19"><param type="name"/></accessor></technique_common></source><sampler id="jnt_hips-Matrix-animation-transform"><input semantic="INPUT" source="#jnt_hips-Matrix-animation-input"/><input semantic="OUTPUT" source="#jnt_hips-Matrix-animation-output-transform"/><input semantic="INTERPOLATION" source="#jnt_hips-Interpolations"/></sampler><channel source="#jnt_hips-Matrix-animation-transform" target="jnt_hips/matrix"/></animation></animation>
    <animation id="jnt_right_upleg-anim" name="jnt_right_upleg"><animation><source id="jnt_right_upleg-Matrix-animation-input"><float_array id="jnt_right_upleg-Matrix-animation-input-array" count="19">

0.000000 0.033333 0.066667 0.100000 0.133333 0.166667 0.200000 0.233333 0.266667 0.300000 0.333333 0.366667 0.400000 0.433333 0.466667 0.500000
0.533333 0.566667 0.600000</float_array><technique_common><accessor source="#jnt_right_upleg-Matrix-animation-input-array" count="19"><param name="TIME" type="float"/></accessor></technique_common></source><source id="jnt_right_upleg-Matrix-animation-output-transform"><float_array id="jnt_right_upleg-Matrix-animation-output-transform-array" count="304">

0.227604 -0.223577 -0.947739 -0.446779 -0.604129 0.730901 -0.317508 -0.111214 0.763691 0.644823 0.031287 0.043020 0.000000 0.000000 0.000000 1.000000
0.242747 -0.319501 -0.915966 -0.446780 -0.657988 0.639583 -0.397474 -0.111214 0.712830 0.699180 -0.054971 0.043020 0.000000 0.000000 0.000000 1.000000
0.206694 -0.286522 -0.935512 -0.446780 -0.827230 0.459407 -0.323474 -0.111214 0.522463 0.840744 -0.142063 0.043020 0.000000 0.000000 0.000000 1.000000
0.082108 -0.267628 -0.960017 -0.446780 -0.956157 0.250546 -0.151624 -0.111214 0.281107 0.930377 -0.235323 0.043020 0.000000 0.000000 0.000000 1.000000
-0.009544 -0.227975 -0.973620 -0.446779 -0.997307 -0.068631 0.025847 -0.111214 -0.072713 0.971245 -0.226706 0.043020 0.000000 0.000000 0.000000 1.000000
-0.000994 -0.177582 -0.984105 -0.446780 -0.970440 -0.237335 0.043807 -0.111214 -0.241342 0.955059 -0.172097 0.043020 0.000000 0.000000 0.000000 1.000000
0.097781 -0.218309 -0.970969 -0.446779 -0.957014 -0.288319 -0.031552 -0.111214 -0.273061 0.932316 -0.237117 0.043020 0.000000 0.000000 0.000000 1.000000
0.142081 -0.436371 -0.888478 -0.446780 -0.974071 -0.221287 -0.047085 -0.111214 -0.176062 0.872131 -0.456497 0.043020 0.000000 0.000000 0.000000 1.000000
0.061205 -0.662335 -0.746704 -0.446780 -0.994724 0.021227 -0.100363 -0.111214 0.082324 0.748907 -0.657541 0.043020 0.000000 0.000000 0.000000 1.000000
-0.057658 -0.743588 -0.666147 -0.446780 -0.798584 0.434782 -0.416206 -0.111214 0.599115 0.507977 -0.618886 0.043020 0.000000 0.000000 0.000000 1.000000
-0.136340 -0.575062 -0.806669 -0.446780 -0.239952 0.809195 -0.536307 -0.111214 0.961163 0.120442 -0.248313 0.043020 0.000000 0.000000 0.000000 1.000000
0.010782 -0.380068 -0.924896 -0.446780 -0.110720 0.918808 -0.378857 -0.111214 0.993793 0.106489 -0.032175 0.043020 0.000000 0.000000 0.000000 1.000000
0.160358 -0.194216 -0.967763 -0.446780 -0.288301 0.928481 -0.234104 -0.111214 0.944017 0.316547 0.092897 0.043020 0.000000 0.000000 0.000000 1.000000
0.205448 -0.065271 -0.976489 -0.446780 -0.652079 0.734900 -0.186317 -0.111214 0.729783 0.675027 0.108422 0.043020 0.000000 0.000000 0.000000 1.000000
0.227605 -0.223576 -0.947739 -0.446779 -0.604129 0.730901 -0.317508 -0.111214 0.763691 0.644823 0.031288 0.043020 0.000000 0.000000 0.000000 1.000000
0.227605 -0.223576 -0.947739 -0.446779 -0.604129 0.730901 -0.317508 -0.111214 0.763691 0.644823 0.031288 0.043020 0.000000 0.000000 0.000000 1.000000
0.227605 -0.223576 -0.947739 -0.446779 -0.604129 0.730901 -0.317508 -0.111214 0.763691 0.644823 0.031288 0.043020 0.000000 0.000000 0.000000 1.000000
0.227605 -0.223576 -0.947739 -0.446779 -0.604129 0.730901 -0.317508 -0.111214 0.763691 0.644823 0.031288 0.043020 0.000000 0.000000 0.000000 1.000000
0.227605 -0.223576 -0.947739 -0.446779 -0.604129 0.730901 -0.317508 -0.111214 0.763691 0.644823 0.031288 0.043020 0.000000 0.000000 0.000000 1.000000</float_array><technique_common><accessor source="#jnt_right_upleg-Matrix-animation-output-transform-array" count="19" stride="16"><param type="float4x4"/></accessor></technique_common></source><source id="jnt_right_upleg-Interpolations"><Name_array id="jnt_right_upleg-Interpolations-array" count="19">
 LINEAR LINEAR LINEAR LINEAR LINEAR LINEAR LINEAR LINEAR LINEAR LINEAR LINEAR
LINEAR LINEAR LINEAR LINEAR LINEAR LINEAR LINEAR LINEAR</Name_array><technique_common><accessor source="#jnt_right_upleg-Interpolations-array" count="19"><param type="name"/></accessor></technique_common></source><sampler id="jnt_right_upleg-Matrix-animation-transform"><input semantic="INPUT" source="#jnt_right_upleg-Matrix-animation-input"/><input semantic="OUTPUT" source="#jnt_right_upleg-Matrix-animation-output-transform"/><input semantic="INTERPOLATION" source="#jnt_right_upleg-Interpolations"/></sampler><channel source="#jnt_right_upleg-Matrix-animation-transform" target="jnt_right_upleg/matrix"/></animation></animation>
    <animation id="jnt_right_uplegroll-anim" name="jnt_right_uplegroll"><animation><source id="jnt_right_uplegroll-Matrix-animation-input"><float_array id="jnt_right_uplegroll-Matrix-animation-input-array" count="19">

0.000000 0.033333 0.066667 0.100000 0.133333 0.166667 0.200000 0.233333 0.266667 0.300000 0.333333 0.366667 0.400000 0.433333 0.466667 0.500000
0.533333 0.566667 0.600000</float_array><technique_common><accessor source="#jnt_right_uplegroll-Matrix-animation-input-array" count="19"><param name="TIME" type="float"/></accessor></technique_common></source><source id="jnt_right_uplegroll-Matrix-animation-output-transform"><float_array id="jnt_right_uplegroll-Matrix-animation-output-transform-array" count="304">

1.000000 0.000000 0.000000 0.430000 -0.000000 1.000000 0.000000 0.000000 0.000000 0.000000 1.000000 0.000000 0.000000 0.000000 0.000000 1.000000
1.000000 -0.000000 -0.000000 0.430001 0.000000 1.000000 0.000000 0.000000 -0.000000 0.000000 1.000000 0.000000 0.000000 0.000000 0.000000 1.000000
1.000000 0.000000 0.000000 0.430000 -0.000000 1.000000 0.000000 0.000000 0.000000 0.000000 1.000000 0.000000 0.000000 0.000000 0.000000 1.000000
1.000000 0.000000 -0.000000 0.430000 0.000000 1.000000 0.000000 0.000000 0.000000 -0.000000 1.000000 0.000000 0.000000 0.000000 0.000000 1.000000
1.000000 0.000000 -0.000000 0.430000 -0.000000 1.000000 -0.000000 0.000000 0.000000 0.000000 1.000000 -0.000000 0.000000 0.000000 0.000000 1.000000
1.000000 -0.000000 0.000000 0.430000 0.000000 1.000000 -0.000000 -0.000000 -0.000000 0.000000 1.000000 0.000000 0.000000 0.000000 0.000000 1.000000
1.000000 0.000000 0.000000 0.430000 0.000000 1.000000 -0.000000 -0.000000 -0.000000 -0.000000 1.000000 0.000000 0.000000 0.000000 0.000000 1.000000
1.000000 0.000000 -0.000000 0.430000 -0.000000 1.000000 -0.000000 -0.000000 -0.000000 0.000000 1.000000 0.000000 0.000000 0.000000 0.000000 1.000000
1.000000 0.000000 0.000000 0.430000 -0.000000 1.000000 -0.000000 -0.000000 -0.000000 0.000000 1.000000 0.000000 0.000000 0.000000 0.000000 1.000000
1.000000 0.000000 -0.000000 0.430000 -0.000000 1.000000 0.000000 0.000000 -0.000000 -0.000000 1.000000 0.000000 0.000000 0.000000 0.000000 1.000000
1.000000 -0.000000 0.000000 0.430000 0.000000 1.000000 0.000000 -0.000000 0.000000 -0.000000 1.000000 0.000000 0.000000 0.000000 0.000000 1.000000
1.000000 0.000000 0.000000 0.430000 0.000000 1.000000 0.000000 -0.000000 0.000000 0.000000 1.000000 0.000000 0.000000 0.000000 0.000000 1.000000
1.000000 0.000000 0.000000 0.430000 0.000000 1.000000 -0.000000 -0.000000 -0.000000 0.000000 1.000000 0.000000 0.000000 0.000000 0.000000 1.000000
1.000000 -0.000000 -0.000000 0.430000 0.000000 1.000000 0.000000 -0.000000 0.000000 -0.000000 1.000000 -0.000000 0.000000 0.000000 0.000000 1.000000
1.000000 -0.000000 0.000000 0.430000 -0.000000 1.000000 -0.000000 0.000000 -0.000000 0.000000 1.000000 0.000000 0.000000 0.000000 0.000000 1.000000
1.000000 -0.000000 0.000000 0.430000 -0.000000 1.000000 -0.000000 0.000000 -0.000000 0.000000 1.000000 0.000000 0.000000 0.000000 0.000000 1.000000
1.000000 -0.000000 0.000000 0.430000 -0.000000 1.000000 -0.000000 0.000000 -0.000000 0.000000 1.000000 0.000000 0.000000 0.000000 0.000000 1.000000
1.000000 -0.000000 0.000000 0.430000 -0.000000 1.000000 -0.000000 0.000000 -0.000000 0.000000 1.000000 0.000000 0.000000 0.000000 0.000000 1.000000
1.000000 -0.000000 0.000000 0.430000 -0.000000 1.000000 -0.000000 0.000000 -0.000000 0.000000 1.000000 0.000000 0.000000 0.000000 0.000000 1.000000</float_array><technique_common><accessor source="#jnt_right_uplegroll-Matrix-animation-output-transform-array" count="19" stride="16"><param type="float4x4"/></accessor></technique_common></source><source id="jnt_right_uplegroll-Interpolations"><Name_array id="jnt_right_uplegroll-Interpolations-array" count="19">
 LINEAR LINEAR LINEAR LINEAR LINEAR LINEAR LINEAR LINEAR LINEAR LINEAR LINEAR
LINEAR LINEAR LINEAR LINEAR LINEAR LINEAR LINEAR LINEAR</Name_array><technique_common><accessor source="#jnt_right_uplegroll-Interpolations-array" count="19"><param type="name"/></accessor></technique_common></source><sampler id="jnt_right_uplegroll-Matrix-animation-transform"><input semantic="INPUT" source="#jnt_right_uplegroll-Matrix-animation-input"/><input semantic="OUTPUT" source="#jnt_right_uplegroll-Matrix-animation-output-transform"/><input semantic="INTERPOLATION" source="#jnt_right_uplegroll-Interpolations"/></sampler><channel source="#jnt_right_uplegroll-Matrix-animation-transform" target="jnt_right_uplegroll/matrix"/></animation></animation>
    <animation id="jnt_right_leg-anim" name="jnt_right_leg"><animation><source id="jnt_right_leg-Matrix-animation-input"><float_array id="jnt_right_leg-Matrix-animation-input-array" count="19">

0.000000 0.033333 0.066667 0.100000 0.133333 0.166667 0.200000 0.233333 0.266667 0.300000 0.333333 0.366667 0.400000 0.433333 0.466667 0.500000
0.533333 0.566667 0.600000</float_array><technique_common><accessor source="#jnt_right_leg-Matrix-animation-input-array" count="19"><param name="TIME" type="float"/></accessor></technique_common></source><source id="jnt_right_leg-Matrix-animation-output-transform"><float_array id="jnt_right_leg-Matrix-animation-output-transform-array" count="304">

0.841627 0.540030 0.005603 0.860324 -0.539263 0.840905 -0.045551 0.000000 -0.029311 0.035316 0.998946 0.000000 0.000000 0.000000 0.000000 1.000000
0.606287 0.794218 0.040428 0.860324 -0.795076 0.606425 0.010149 0.000000 -0.016457 -0.038297 0.999131 -0.000000 0.000000 0.000000 0.000000 1.000000
0.602384 0.793363 0.087796 0.860324 -0.797907 0.595494 0.093442 0.000000 0.021851 -0.126341 0.991746 0.000000 0.000000 0.000000 0.000000 1.000000
0.651870 0.753464 0.085780 0.860324 -0.757318 0.640976 0.124981 0.000000 0.039186 -0.146434 0.988444 -0.000000 0.000000 0.000000 0.000000 1.000000
0.794702 0.606305 0.029038 0.860324 -0.605959 0.789630 0.096430 0.000000 0.035536 -0.094229 0.994916 -0.000000 0.000000 0.000000 0.000000 1.000000
0.649606 0.760220 -0.008817 0.860324 -0.758279 0.648699 0.064825 -0.000000 0.055001 -0.035425 0.997858 -0.000000 0.000000 0.000000 0.000000 1.000000
0.305330 0.951744 0.030929 0.860324 -0.949278 0.301655 0.088743 -0.000000 0.075131 -0.056456 0.995574 -0.000000 0.000000 0.000000 0.000000 1.000000
-0.133557 0.986224 0.097590 0.860324 -0.987381 -0.140873 0.072347 -0.000000 0.085098 -0.086696 0.992594 0.000000 0.000000 0.000000 0.000000 1.000000
-0.595147 0.799761 0.078630 0.860324 -0.795710 -0.600155 0.081604 -0.000000 0.112454 -0.014000 0.993558 0.000000 0.000000 0.000000 0.000000 1.000000
-0.823919 0.565617 0.035160 0.860324 -0.544953 -0.807789 0.224730 0.000000 0.155512 0.165999 0.973787 0.000000 0.000000 0.000000 0.000000 1.000000
-0.718380 0.693213 0.058186 0.860324 -0.666481 -0.709812 0.227969 -0.000000 0.199333 0.124989 0.971928 0.000000 0.000000 0.000000 0.000000 1.000000
-0.200875 0.978676 0.042914 0.860324 -0.962067 -0.205342 0.179618 -0.000000 0.184600 -0.005205 0.982800 -0.000000 0.000000 0.000000 0.000000 1.000000
0.556304 0.829993 -0.040463 0.860325 -0.823920 0.557258 0.103051 -0.000000 0.108080 -0.023989 0.993853 -0.000000 0.000000 0.000000 0.000000 1.000000
0.999508 0.031124 -0.003852 0.860324 -0.031266 0.998497 -0.045010 0.000000 0.002445 0.045108 0.998979 -0.000000 0.000000 0.000000 0.000000 1.000000
0.841628 0.540029 0.005602 0.860324 -0.539262 0.840905 -0.045551 0.000000 -0.029310 0.035316 0.998946 0.000000 0.000000 0.000000 0.000000 1.000000
0.841628 0.540029 0.005602 0.860324 -0.539262 0.840905 -0.045551 0.000000 -0.029310 0.035316 0.998946 0.000000 0.000000 0.000000 0.000000 1.000000
0.841628 0.540029 0.005602 0.860324 -0.539262 0.840905 -0.045551 0.000000 -0.029310 0.035316 0.998946 0.000000 0.000000 0.000000 0.000000 1.000000
0.841628 0.540029 0.005602 0.860324 -0.539262 0.840905 -0.045551 0.000000 -0.029310 0.035316 0.998946 0.000000 0.000000 0.000000 0.000000 1.000000
0.841628 0.540029 0.005602 0.860324 -0.539262 0.840905 -0.045551 0.000000 -0.029310 0.035316 0.998946 0.000000 0.000000 0.000000 0.000000 1.000000</float_array><technique_common><accessor source="#jnt_right_leg-Matrix-animation-output-transform-array" count="19" stride="16"><param type="float4x4"/></accessor></technique_common></source><source id="jnt_right_leg-Interpolations"><Name_array id="jnt_right_leg-Interpolations-array" count="19">
 LINEAR LINEAR LINEAR LINEAR LINEAR LINEAR LINEAR LINEAR LINEAR LINEAR LINEAR
LINEAR LINEAR LINEAR LINEAR LINEAR LINEAR LINEAR LINEAR</Name_array><technique_common><accessor source="#jnt_right_leg-Interpolations-array" count="19"><param type="name"/></accessor></technique_common></source><sampler id="jnt_right_leg-Matrix-animation-transform"><input semantic="INPUT" source="#jnt_right_leg-Matrix-animation-input"/><input semantic="OUTPUT" source="#jnt_right_leg-Matrix-animation-output-transform"/><input semantic="INTERPOLATION" source="#jnt_right_leg-Interpolations"/></sampler><channel source="#jnt_right_leg-Matrix-animation-transform" target="jnt_right_leg/matrix"/></animation></animation>
    <animation id="jnt_right_legroll-anim" name="jnt_right_legroll"><animation><source id="jnt_right_legroll-Matrix-animation-input"><float_array id="jnt_right_legroll-Matrix-animation-input-array" count="19">

0.000000 0.033333 0.066667 0.100000 0.133333 0.166667 0.200000 0.233333 0.266667 0.300000 0.333333 0.366667 0.400000 0.433333 0.466667 0.500000
0.533333 0.566667 0.600000</float_array><technique_common><accessor source="#jnt_right_legroll-Matrix-animation-input-array" count="19"><param name="TIME" type="float"/></accessor></technique_common></source><source id="jnt_right_legroll-Matrix-animation-output-transform"><float_array id="jnt_right_legroll-Matrix-animation-output-transform-array" count="304">

1.000000 -0.000000 -0.000000 0.384000 0.000000 1.000000 -0.000000 0.000000 0.000000 0.000000 1.000000 0.000000 0.000000 0.000000 0.000000 1.000000
1.000000 -0.000000 0.000000 0.384000 -0.000000 1.000000 0.000000 -0.000000 -0.000000 0.000000 1.000000 0.000000 0.000000 0.000000 0.000000 1.000000
1.000000 -0.000000 0.000000 0.384000 0.000000 1.000000 0.000000 -0.000000 0.000000 0.000000 1.000000 0.000000 0.000000 0.000000 0.000000 1.000000
1.000000 0.000000 0.000000 0.384000 0.000000 1.000000 0.000000 -0.000000 -0.000000 0.000000 1.000000 0.000000 0.000000 0.000000 0.000000 1.000000
1.000000 -0.000000 -0.000000 0.384000 -0.000000 1.000000 -0.000000 -0.000000 0.000000 -0.000000 1.000000 -0.000000 0.000000 0.000000 0.000000 1.000000
1.000000 0.000000 -0.000000 0.384000 0.000000 1.000000 0.000000 -0.000000 0.000000 -0.000000 1.000000 -0.000000 0.000000 0.000000 0.000000 1.000000
1.000000 0.000000 0.000000 0.384000 -0.000000 1.000000 0.000000 0.000000 -0.000000 0.000000 1.000000 0.000000 0.000000 0.000000 0.000000 1.000000
1.000000 -0.000000 0.000000 0.384000 0.000000 1.000000 0.000000 -0.000000 0.000000 -0.000000 1.000000 0.000000 0.000000 0.000000 0.000000 1.000000
1.000000 0.000000 0.000000 0.384000 -0.000000 1.000000 -0.000000 -0.000000 -0.000000 0.000000 1.000000 0.000000 0.000000 0.000000 0.000000 1.000000
1.000000 -0.000000 0.000000 0.384000 -0.000000 1.000000 0.000000 -0.000000 0.000000 -0.000000 1.000000 0.000000 0.000000 0.000000 0.000000 1.000000
1.000000 0.000000 -0.000000 0.384000 0.000000 1.000000 0.000000 -0.000000 0.000000 -0.000000 1.000000 -0.000000 0.000000 0.000000 0.000000 1.000000
1.000000 0.000000 -0.000000 0.384000 0.000000 1.000000 0.000000 -0.000000 0.000000 0.000000 1.000000 0.000000 0.000000 0.000000 0.000000 1.000000
1.000000 0.000000 -0.000000 0.384000 0.000000 1.000000 0.000000 -0.000000 -0.000000 -0.000000 1.000000 0.000000 0.000000 0.000000 0.000000 1.000000
1.000000 -0.000000 0.000000 0.384000 0.000000 1.000000 0.000000 0.000000 0.000000 0.000000 1.000000 0.000000 0.000000 0.000000 0.000000 1.000000
1.000000 0.000000 0.000000 0.384000 -0.000000 1.000000 0.000000 -0.000000 -0.000000 0.000000 1.000000 0.000000 0.000000 0.000000 0.000000 1.000000
1.000000 0.000000 0.000000 0.384000 -0.000000 1.000000 0.000000 -0.000000 -0.000000 0.000000 1.000000 0.000000 0.000000 0.000000 0.000000 1.000000
1.000000 0.000000 0.000000 0.384000 -0.000000 1.000000 0.000000 -0.000000 -0.000000 0.000000 1.000000 0.000000 0.000000 0.000000 0.000000 1.000000
1.000000 0.000000 0.000000 0.384000 -0.000000 1.000000 0.000000 -0.000000 -0.000000 0.000000 1.000000 0.000000 0.000000 0.000000 0.000000 1.000000
1.000000 0.000000 0.000000 0.384000 -0.000000 1.000000 0.000000 -0.000000 -0.000000 0.000000 1.000000 0.000000 0.000000 0.000000 0.000000 1.000000</float_array><technique_common><accessor source="#jnt_right_legroll-Matrix-animation-output-transform-array" count="19" stride="16"><param type="float4x4"/></accessor></technique_common></source><source id="jnt_right_legroll-Interpolations"><Name_array id="jnt_right_legroll-Interpolations-array" count="19">
 LINEAR LINEAR LINEAR LINEAR LINEAR LINEAR LINEAR LINEAR LINEAR LINEAR LINEAR
LINEAR LINEAR LINEAR LINEAR LINEAR LINEAR LINEAR LINEAR</Name_array><technique_common><accessor source="#jnt_right_legroll-Interpolations-array" count="19"><param type="name"/></accessor></technique_common></source><sampler id="jnt_right_legroll-Matrix-animation-transform"><input semantic="INPUT" source="#jnt_right_legroll-Matrix-animation-input"/><input semantic="OUTPUT" source="#jnt_right_legroll-Matrix-animation-output-transform"/><input semantic="INTERPOLATION" source="#jnt_right_legroll-Interpolations"/></sampler><channel source="#jnt_right_legroll-Matrix-animation-transform" target="jnt_right_legroll/matrix"/></animation></animation>
    <animation id="jnt_right_foot-anim" name="jnt_right_foot"><animation><source id="jnt_right_foot-Matrix-animation-input"><float_array id="jnt_right_foot-Matrix-animation-input-array" count="19">

0.000000 0.033333 0.066667 0.100000 0.133333 0.166667 0.200000 0.233333 0.266667 0.300000 0.333333 0.366667 0.400000 0.433333 0.466667 0.500000
0.533333 0.566667 0.600000</float_array><technique_common><accessor source="#jnt_right_foot-Matrix-animation-input-array" count="19"><param name="TIME" type="float"/></accessor></technique_common></source><source id="jnt_right_foot-Matrix-animation-output-transform"><float_array id="jnt_right_foot-Matrix-animation-output-transform-array" count="304">

0.372049 -0.924763 -0.079953 0.768145 0.925323 0.362720 0.110508 0.000000 -0.073194 -0.115097 0.990654 -0.000000 0.000000 0.000000 0.000000 1.000000
0.135457 -0.906930 -0.398911 0.768145 0.990459 0.113649 0.077946 -0.000000 -0.025355 -0.405663 0.913671 -0.000000 0.000000 0.000000 0.000000 1.000000
-0.037408 -0.919835 -0.390518 0.768145 0.999251 -0.038309 -0.005486 0.000000 -0.009914 -0.390431 0.920579 0.000000 0.000000 0.000000 0.000000 1.000000
-0.037187 -0.943962 -0.327951 0.768145 0.999265 -0.038194 -0.003370 -0.000000 -0.009344 -0.327835 0.944689 -0.000000 0.000000 0.000000 0.000000 1.000000
0.261421 -0.924900 -0.276079 0.768145 0.965225 0.250645 0.074285 -0.000000 0.000491 -0.285898 0.958260 -0.000000 0.000000 0.000000 0.000000 1.000000
0.453999 -0.863231 -0.220722 0.768145 0.890794 0.434391 0.133381 0.000000 -0.019259 -0.257173 0.966174 -0.000000 0.000000 0.000000 0.000000 1.000000
0.475096 -0.862847 -0.172568 0.768144 0.879742 0.469866 0.072663 -0.000000 0.018387 -0.186337 0.982314 0.000000 0.000000 0.000000 0.000000 1.000000
0.336348 -0.913204 -0.230062 0.768144 0.918298 0.372204 -0.134880 -0.000000 0.208803 -0.165899 0.963784 0.000000 0.000000 0.000000 0.000000 1.000000
-0.008426 -0.975113 -0.221548 0.768144 0.929535 0.074039 -0.361225 -0.000000 0.368638 -0.208980 0.905778 0.000000 0.000000 0.000000 0.000000 1.000000
-0.164079 -0.979780 -0.114494 0.768144 0.894273 -0.098752 -0.436489 -0.000000 0.416357 -0.174008 0.892395 0.000000 0.000000 0.000000 0.000000 1.000000
0.086739 -0.981548 -0.170413 0.768145 0.935056 0.139232 -0.326013 -0.000000 0.343724 -0.131068 0.929879 -0.000000 0.000000 0.000000 0.000000 1.000000
0.188575 -0.979818 -0.066309 0.768145 0.963473 0.197658 -0.180694 0.000000 0.190153 -0.029813 0.981302 0.000000 0.000000 0.000000 0.000000 1.000000
0.321675 -0.940193 0.112084 0.768145 0.944907 0.311177 -0.101586 0.000000 0.060632 0.138587 0.988492 0.000000 0.000000 0.000000 0.000000 1.000000
0.604532 -0.779913 0.162099 0.768145 0.792603 0.609239 -0.024681 0.000000 -0.079508 0.143400 0.986466 0.000000 0.000000 0.000000 0.000000 1.000000
0.372050 -0.924763 -0.079952 0.768144 0.925322 0.362721 0.110508 -0.000000 -0.073194 -0.115096 0.990654 0.000000 0.000000 0.000000 0.000000 1.000000
0.372050 -0.924763 -0.079952 0.768144 0.925322 0.362721 0.110508 -0.000000 -0.073194 -0.115096 0.990654 0.000000 0.000000 0.000000 0.000000 1.000000
0.372050 -0.924763 -0.079952 0.768144 0.925322 0.362721 0.110508 -0.000000 -0.073194 -0.115096 0.990654 0.000000 0.000000 0.000000 0.000000 1.000000
0.372050 -0.924763 -0.079952 0.768144 0.925322 0.362721 0.110508 -0.000000 -0.073194 -0.115096 0.990654 0.000000 0.000000 0.000000 0.000000 1.000000
0.372050 -0.924763 -0.079952 0.768144 0.925322 0.362721 0.110508 -0.000000 -0.073194 -0.115096 0.990654 0.000000 0.000000 0.000000 0.000000 1.000000</float_array><technique_common><accessor source="#jnt_right_foot-Matrix-animation-output-transform-array" count="19" stride="16"><param type="float4x4"/></accessor></technique_common></source><source id="jnt_right_foot-Interpolations"><Name_array id="jnt_right_foot-Interpolations-array" count="19">
 LINEAR LINEAR LINEAR LINEAR LINEAR LINEAR LINEAR LINEAR LINEAR LINEAR LINEAR
LINEAR LINEAR LINEAR LINEAR LINEAR LINEAR LINEAR LINEAR</Name_array><technique_common><accessor source="#jnt_right_foot-Interpolations-array" count="19"><param type="name"/></accessor></technique_common></source><sampler id="jnt_right_foot-Matrix-animation-transform"><input semantic="INPUT" source="#jnt_right_foot-Matrix-animation-input"/><input semantic="OUTPUT" source="#jnt_right_foot-Matrix-animation-output-transform"/><input semantic="INTERPOLATION" source="#jnt_right_foot-Interpolations"/></sampler><channel source="#jnt_right_foot-Matrix-animation-transform" target="jnt_right_foot/matrix"/></animation></animation>
    <animation id="jnt_right_toebase-anim" name="jnt_right_toebase"><animation><source id="jnt_right_toebase-Matrix-animation-input"><float_array id="jnt_right_toebase-Matrix-animation-input-array" count="19">

0.000000 0.033333 0.066667 0.100000 0.133333 0.166667 0.200000 0.233333 0.266667 0.300000 0.333333 0.366667 0.400000 0.433333 0.466667 0.500000
0.533333 0.566667 0.600000</float_array><technique_common><accessor source="#jnt_right_toebase-Matrix-animation-input-array" count="19"><param name="TIME" type="float"/></accessor></technique_common></source><source id="jnt_right_toebase-Matrix-animation-output-transform"><float_array id="jnt_right_toebase-Matrix-animation-output-transform-array" count="304">

0.918298 -0.395826 -0.007110 0.441847 0.350602 0.821459 -0.449760 -0.000000 0.183867 0.410521 0.893121 0.000000 0.000000 0.000000 0.000000 1.000000
0.895888 -0.440924 0.054509 0.441847 0.415061 0.786885 -0.456658 -0.000000 0.158459 0.431739 0.887971 -0.000000 0.000000 0.000000 0.000000 1.000000
0.931900 -0.361740 0.026573 0.441847 0.335298 0.831203 -0.443482 -0.000000 0.138338 0.422191 0.895889 0.000000 0.000000 0.000000 0.000000 1.000000
0.875356 -0.476965 0.079103 0.441847 0.462095 0.777244 -0.427036 -0.000000 0.142199 0.410361 0.900768 0.000000 0.000000 0.000000 0.000000 1.000000
0.773336 -0.620278 0.131170 0.441847 0.614936 0.683508 -0.393282 -0.000000 0.154288 0.384800 0.910013 0.000000 0.000000 0.000000 0.000000 1.000000
0.890225 -0.453361 0.044297 0.441847 0.435397 0.818281 -0.375293 -0.000000 0.133896 0.353382 0.925847 0.000000 0.000000 0.000000 0.000000 1.000000
0.884827 -0.460551 0.070521 0.441847 0.453206 0.815652 -0.359605 -0.000000 0.108096 0.350149 0.930436 0.000000 0.000000 0.000000 0.000000 1.000000
0.850309 -0.519771 0.082545 0.441847 0.517378 0.796838 -0.312042 -0.000000 0.096415 0.308039 0.946476 0.000000 0.000000 0.000000 0.000000 1.000000
0.825069 -0.560758 0.069369 0.441847 0.558486 0.790707 -0.250748 -0.000000 0.085758 0.245626 0.965564 0.000000 0.000000 0.000000 0.000000 1.000000
0.829478 -0.555648 0.056764 0.441847 0.554294 0.806403 -0.206090 -0.000000 0.068739 0.202411 0.976885 0.000000 0.000000 0.000000 0.000000 1.000000
0.844961 -0.530281 0.069594 0.441847 0.532568 0.822287 -0.200536 -0.000000 0.049114 0.206509 0.977211 0.000000 0.000000 0.000000 0.000000 1.000000
0.869990 -0.488551 0.066598 0.441847 0.491743 0.849800 -0.189811 -0.000000 0.036137 0.197883 0.979559 0.000000 0.000000 0.000000 0.000000 1.000000
0.887973 -0.457252 0.049248 0.441847 0.458713 0.872917 -0.166126 -0.000000 0.032972 0.170106 0.984874 0.000000 0.000000 0.000000 0.000000 1.000000
0.914779 -0.403258 0.023735 0.441847 0.403009 0.907041 -0.121901 0.000000 0.027629 0.121078 0.992258 0.000000 0.000000 0.000000 0.000000 1.000000
0.918298 -0.395825 -0.007109 0.441847 0.350602 0.821459 -0.449759 -0.000000 0.183866 0.410521 0.893121 0.000000 0.000000 0.000000 0.000000 1.000000
0.918298 -0.395825 -0.007109 0.441847 0.350602 0.821459 -0.449759 -0.000000 0.183866 0.410521 0.893121 0.000000 0.000000 0.000000 0.000000 1.000000
0.918298 -0.395825 -0.007109 0.441847 0.350602 0.821459 -0.449759 -0.000000 0.183866 0.410521 0.893121 0.000000 0.000000 0.000000 0.000000 1.000000
0.918298 -0.395825 -0.007109 0.441847 0.350602 0.821459 -0.449759 -0.000000 0.183866 0.410521 0.893121 0.000000 0.000000 0.000000 0.000000 1.000000
0.918298 -0.395825 -0.007109 0.441847 0.350602 0.821459 -0.449759 -0.000000 0.183866 0.410521 0.893121 0.000000 0.000000 0.000000 0.000000 1.000000</float_array><technique_common><accessor source="#jnt_right_toebase-Matrix-animation-output-transform-array" count="19" stride="16"><param type="float4x4"/></accessor></technique_common></source><source id="jnt_right_toebase-Interpolations"><Name_array id="jnt_right_toebase-Interpolations-array" count="19">
 LINEAR LINEAR LINEAR LINEAR LINEAR LINEAR LINEAR LINEAR LINEAR LINEAR LINEAR
LINEAR LINEAR LINEAR LINEAR LINEAR LINEAR LINEAR LINEAR</Name_array><technique_common><accessor source="#jnt_right_toebase-Interpolations-array" count="19"><param type="name"/></accessor></technique_common></source><sampler id="jnt_right_toebase-Matrix-animation-transform"><input semantic="INPUT" source="#jnt_right_toebase-Matrix-animation-input"/><input semantic="OUTPUT" source="#jnt_right_toebase-Matrix-animation-output-transform"/><input semantic="INTERPOLATION" source="#jnt_right_toebase-Interpolations"/></sampler><channel source="#jnt_right_toebase-Matrix-animation-transform" target="jnt_right_toebase/matrix"/></animation></animation>
    <animation id="jnt_right_toeend-anim" name="jnt_right_toeend"><animation><source id="jnt_right_toeend-Matrix-animation-input"><float_array id="jnt_right_toeend-Matrix-animation-input-array" count="19">

0.000000 0.033333 0.066667 0.100000 0.133333 0.166667 0.200000 0.233333 0.266667 0.300000 0.333333 0.366667 0.400000 0.433333 0.466667 0.500000
0.533333 0.566667 0.600000</float_array><technique_common><accessor source="#jnt_right_toeend-Matrix-animation-input-array" count="19"><param name="TIME" type="float"/></accessor></technique_common></source><source id="jnt_right_toeend-Matrix-animation-output-transform"><float_array id="jnt_right_toeend-Matrix-animation-output-transform-array" count="304">

1.000000 0.000000 0.000000 0.379397 0.000000 1.000000 0.000000 0.000000 0.000000 -0.000000 1.000000 -0.000000 0.000000 0.000000 0.000000 1.000000
1.000000 0.000000 0.000000 0.379397 -0.000000 1.000000 -0.000000 0.000000 -0.000000 0.000000 1.000000 -0.000000 0.000000 0.000000 0.000000 1.000000
1.000000 -0.000000 0.000000 0.379397 -0.000000 1.000000 0.000000 0.000000 -0.000000 0.000000 1.000000 -0.000000 0.000000 0.000000 0.000000 1.000000
1.000000 -0.000000 -0.000000 0.379397 0.000000 1.000000 0.000000 0.000000 0.000000 -0.000000 1.000000 -0.000000 0.000000 0.000000 0.000000 1.000000
1.000000 0.000000 0.000000 0.379397 0.000000 1.000000 0.000000 0.000000 0.000000 0.000000 1.000000 -0.000000 0.000000 0.000000 0.000000 1.000000
1.000000 0.000000 0.000000 0.379397 0.000000 1.000000 -0.000000 0.000000 -0.000000 0.000000 1.000000 -0.000000 0.000000 0.000000 0.000000 1.000000
1.000000 0.000000 0.000000 0.379397 -0.000000 1.000000 -0.000000 0.000000 0.000000 0.000000 1.000000 -0.000000 0.000000 0.000000 0.000000 1.000000
1.000000 0.000000 0.000000 0.379397 0.000000 1.000000 0.000000 0.000000 -0.000000 -0.000000 1.000000 0.000000 0.000000 0.000000 0.000000 1.000000
1.000000 0.000000 0.000000 0.379397 0.000000 1.000000 0.000000 0.000000 0.000000 0.000000 1.000000 -0.000000 0.000000 0.000000 0.000000 1.000000
1.000000 -0.000000 0.000000 0.379397 0.000000 1.000000 0.000000 0.000000 0.000000 -0.000000 1.000000 -0.000000 0.000000 0.000000 0.000000 1.000000
1.000000 -0.000000 0.000000 0.379397 0.000000 1.000000 0.000000 0.000000 -0.000000 0.000000 1.000000 -0.000000 0.000000 0.000000 0.000000 1.000000
1.000000 0.000000 -0.000000 0.379397 -0.000000 1.000000 0.000000 0.000000 0.000000 0.000000 1.000000 -0.000000 0.000000 0.000000 0.000000 1.000000
1.000000 0.000000 0.000000 0.379397 -0.000000 1.000000 -0.000000 0.000000 -0.000000 -0.000000 1.000000 -0.000000 0.000000 0.000000 0.000000 1.000000
1.000000 -0.000000 0.000000 0.379397 0.000000 1.000000 0.000000 0.000000 0.000000 0.000000 1.000000 -0.000000 0.000000 0.000000 0.000000 1.000000
1.000000 0.000000 0.000000 0.379397 0.000000 1.000000 -0.000000 0.000000 0.000000 -0.000000 1.000000 -0.000000 0.000000 0.000000 0.000000 1.000000
1.000000 0.000000 0.000000 0.379397 0.000000 1.000000 -0.000000 0.000000 0.000000 -0.000000 1.000000 -0.000000 0.000000 0.000000 0.000000 1.000000
1.000000 0.000000 0.000000 0.379397 0.000000 1.000000 -0.000000 0.000000 0.000000 -0.000000 1.000000 -0.000000 0.000000 0.000000 0.000000 1.000000
1.000000 0.000000 0.000000 0.379397 0.000000 1.000000 -0.000000 0.000000 0.000000 -0.000000 1.000000 -0.000000 0.000000 0.000000 0.000000 1.000000
1.000000 0.000000 0.000000 0.379397 0.000000 1.000000 -0.000000 0.000000 0.000000 -0.000000 1.000000 -0.000000 0.000000 0.000000 0.000000 1.000000</float_array><technique_common><accessor source="#jnt_right_toeend-Matrix-animation-output-transform-array" count="19" stride="16"><param type="float4x4"/></accessor></technique_common></source><source id="jnt_right_toeend-Interpolations"><Name_array id="jnt_right_toeend-Interpolations-array" count="19">
 LINEAR LINEAR LINEAR LINEAR LINEAR LINEAR LINEAR LINEAR LINEAR LINEAR LINEAR
LINEAR LINEAR LINEAR LINEAR LINEAR LINEAR LINEAR LINEAR</Name_array><technique_common><accessor source="#jnt_right_toeend-Interpolations-array" count="19"><param type="name"/></accessor></technique_common></source><sampler id="jnt_right_toeend-Matrix-animation-transform"><input semantic="INPUT" source="#jnt_right_toeend-Matrix-animation-input"/><input semantic="OUTPUT" source="#jnt_right_toeend-Matrix-animation-output-transform"/><input semantic="INTERPOLATION" source="#jnt_right_toeend-Interpolations"/></sampler><channel source="#jnt_right_toeend-Matrix-animation-transform" target="jnt_right_toeend/matrix"/></animation></animation>
    <animation id="jnt_left_upleg-anim" name="jnt_left_upleg"><animation><source id="jnt_left_upleg-Matrix-animation-input"><float_array id="jnt_left_upleg-Matrix-animation-input-array" count="19">

0.000000 0.033333 0.066667 0.100000 0.133333 0.166667 0.200000 0.233333 0.266667 0.300000 0.333333 0.366667 0.400000 0.433333 0.466667 0.500000
0.533333 0.566667 0.600000</float_array><technique_common><accessor source="#jnt_left_upleg-Matrix-animation-input-array" count="19"><param name="TIME" type="float"/></accessor></technique_common></source><source id="jnt_left_upleg-Matrix-animation-output-transform"><float_array id="jnt_left_upleg-Matrix-animation-output-transform-array" count="304">

-0.116375 0.507944 -0.853493 0.446779 -0.913768 -0.391505 -0.108406 -0.111213 -0.389211 0.767279 0.509704 0.043020 0.000000 0.000000 0.000000 1.000000
-0.039254 0.814514 -0.578814 0.446779 -0.981451 0.077354 0.175414 -0.111213 0.187651 0.574963 0.796370 0.043020 0.000000 0.000000 0.000000 1.000000
0.246344 0.919914 -0.305077 0.446780 -0.441061 0.386702 0.809893 -0.111213 0.863006 -0.064955 0.501000 0.043020 0.000000 0.000000 0.000000 1.000000
0.311405 0.895676 -0.317476 0.446779 -0.042614 0.346914 0.936928 -0.111213 0.949321 -0.278235 0.146199 0.043020 0.000000 0.000000 0.000000 1.000000
0.245560 0.823922 -0.510738 0.446779 -0.088424 0.543712 0.834601 -0.111213 0.965340 -0.159783 0.206368 0.043020 0.000000 0.000000 0.000000 1.000000
0.082512 0.708524 -0.700847 0.446779 -0.197796 0.700897 0.685288 -0.111213 0.976764 0.082080 0.197976 0.043020 0.000000 0.000000 0.000000 1.000000
-0.093372 0.561771 -0.822007 0.446779 -0.447824 0.713688 0.538613 -0.111213 0.889233 0.418405 0.184936 0.043020 0.000000 0.000000 0.000000 1.000000
-0.158604 0.425471 -0.890965 0.446779 -0.534093 0.721991 0.439855 -0.111213 0.830415 0.545621 0.112731 0.043020 0.000000 0.000000 0.000000 1.000000
-0.148437 0.346350 -0.926287 0.446779 -0.570199 0.735313 0.366316 -0.111213 0.807985 0.582543 0.088340 0.043020 0.000000 0.000000 0.000000 1.000000
-0.049754 0.268795 -0.961912 0.446779 -0.812840 0.548742 0.195382 -0.111213 0.580359 0.791601 0.191185 0.043020 0.000000 0.000000 0.000000 1.000000
0.060374 0.206153 -0.976655 0.446779 -0.979656 0.199839 -0.018378 -0.111213 0.191385 0.957896 0.214024 0.043020 0.000000 0.000000 0.000000 1.000000
0.025319 0.128344 -0.991407 0.446779 -0.940666 -0.332637 -0.067085 -0.111213 -0.338388 0.934281 0.112307 0.043020 0.000000 0.000000 0.000000 1.000000
-0.107979 0.079761 -0.990948 0.446779 -0.847811 -0.527946 0.049888 -0.111213 -0.519188 0.845524 0.124629 0.043020 0.000000 0.000000 0.000000 1.000000
-0.222994 0.183189 -0.957453 0.446779 -0.815858 -0.572628 0.080456 -0.111213 -0.533526 0.799086 0.277149 0.043020 0.000000 0.000000 0.000000 1.000000
-0.116374 0.507944 -0.853493 0.446779 -0.913768 -0.391505 -0.108406 -0.111213 -0.389211 0.767279 0.509704 0.043020 0.000000 0.000000 0.000000 1.000000
-0.116374 0.507944 -0.853493 0.446779 -0.913768 -0.391505 -0.108406 -0.111213 -0.389211 0.767279 0.509704 0.043020 0.000000 0.000000 0.000000 1.000000
-0.116374 0.507944 -0.853493 0.446779 -0.913768 -0.391505 -0.108406 -0.111213 -0.389211 0.767279 0.509704 0.043020 0.000000 0.000000 0.000000 1.000000
