<?xml version="1.0" encoding="utf-8"?>
<COLLADA xmlns="http://www.collada.org/2005/11/COLLADASchema" version="1.4.1">
  <asset><contributor><author></author><authoring_tool>FBX COLLADA exporter</authoring_tool><comments></comments></contributor><created>2018-03-28T11:37:08Z</created><keywords></keywords><modified>2018-03-28T11:37:08Z</modified><revision></revision><subject></subject><title></title><unit meter="0.010000" name="centimeter"></unit><up_axis>Y_UP</up_axis></asset>
  <library_animations>
    <animation id="jnt_hips-anim" name="jnt_hips"><animation><source id="jnt_hips-Matrix-animation-input"><float_array id="jnt_hips-Matrix-animation-input-array" count="21">

0.000000 0.033333 0.066667 0.100000 0.133333 0.166667 0.200000 0.233333 0.266667 0.300000 0.333333 0.366667 0.400000 0.433333 0.466667 0.500000
0.533333 0.566667 0.600000 0.633333 0.666667</float_array><technique_common><accessor source="#jnt_hips-Matrix-animation-input-array" count="21"><param name="TIME" type="float"/></accessor></technique_common></source><source id="jnt_hips-Matrix-animation-output-transform"><float_array id="jnt_hips-Matrix-animation-output-transform-array" count="336">

0.804347 0.053052 -0.591787 0.044032 0.130200 0.956060 0.262674 1.462235 0.579719 -0.288332 0.762097 -0.285680 0.000000 0.000000 0.000000 1.000000
0.812605 0.048203 -0.580818 0.035458 0.122899 0.959992 0.251616 1.470679 0.569710 -0.275846 0.774170 -0.292469 0.000000 0.000000 0.000000 1.000000
0.823689 0.041851 -0.565496 0.014152 0.113134 0.965093 0.236212 1.492432 0.555642 -0.258542 0.790202 -0.311424 0.000000 0.000000 0.000000 1.000000
0.836557 0.034717 -0.546778 -0.015637 0.101848 0.970740 0.217462 1.524274 0.538330 -0.237608 0.808544 -0.338429 0.000000 0.000000 0.000000 1.000000
0.850219 0.027456 -0.525713 -0.049667 0.089935 0.976382 0.196442 1.562988 0.518690 -0.214298 0.827670 -0.369380 0.000000 0.000000 0.000000 1.000000
0.863770 0.020606 -0.503465 -0.083702 0.078195 0.981578 0.174329 1.605369 0.497782 -0.189949 0.846246 -0.400192 0.000000 0.000000 0.000000 1.000000
0.876420 0.014567 -0.481327 -0.113517 0.067313 0.986023 0.152407 1.648218 0.476819 -0.165972 0.863190 -0.426798 0.000000 0.000000 0.000000 1.000000
0.887506 0.009596 -0.460697 -0.134897 0.057846 0.989554 0.132049 1.688352 0.457151 -0.143844 0.877680 -0.445150 0.000000 0.000000 0.000000 1.000000
0.896476 0.005821 -0.443054 -0.143640 0.050240 0.992130 0.114689 1.722595 0.440235 -0.125075 0.889129 -0.451213 0.000000 0.000000 0.000000 1.000000
0.905843 0.002145 -0.423607 -0.126050 0.042354 0.994518 0.095606 1.753545 0.421490 -0.104546 0.900786 -0.427868 0.000000 0.000000 0.000000 1.000000
0.913603 -0.000668 -0.406606 -0.080008 0.035872 0.996232 0.078965 1.784595 0.405021 -0.086728 0.910185 -0.372383 0.000000 0.000000 0.000000 1.000000
0.920202 -0.002874 -0.391433 -0.019694 0.030401 0.997477 0.064146 1.814669 0.390262 -0.070927 0.917968 -0.300881 0.000000 0.000000 0.000000 1.000000
0.926027 -0.004661 -0.377429 0.040718 0.025606 0.998396 0.050495 1.842688 0.376589 -0.056424 0.924661 -0.229475 0.000000 0.000000 0.000000 1.000000
0.931418 -0.006168 -0.363900 0.087055 0.021201 0.999078 0.037330 1.867563 0.363334 -0.042485 0.930690 -0.174277 0.000000 0.000000 0.000000 1.000000
0.936672 -0.007484 -0.350128 0.105150 0.016940 0.999570 0.023953 1.888206 0.349798 -0.028367 0.936396 -0.151389 0.000000 0.000000 0.000000 1.000000
0.941957 -0.008637 -0.335622 0.097297 0.012691 0.999871 0.009886 1.904679 0.335493 -0.013571 0.941945 -0.157559 0.000000 0.000000 0.000000 1.000000
0.947074 -0.009570 -0.320872 0.078806 0.008617 0.999953 -0.004391 1.917867 0.320899 0.001394 0.947113 -0.175061 0.000000 0.000000 0.000000 1.000000
0.951773 -0.010246 -0.306633 0.055039 0.004916 0.999823 -0.018150 1.927913 0.306764 0.015767 0.951655 -0.198285 0.000000 0.000000 0.000000 1.000000
0.955846 -0.010671 -0.293674 0.031356 0.001742 0.999529 -0.030651 1.934966 0.293863 0.028786 0.955414 -0.221625 0.000000 0.000000 0.000000 1.000000
0.959124 -0.010892 -0.282777 0.013110 -0.000786 0.999153 -0.041149 1.939177 0.282986 0.039689 0.958303 -0.239480 0.000000 0.000000 0.000000 1.000000
0.961460 -0.010974 -0.274724 0.005653 -0.002571 0.998800 -0.048898 1.940700 0.274931 0.047720 0.960279 -0.246250 0.000000 0.000000 0.000000 1.000000</float_array><technique_common><accessor source="#jnt_hips-Matrix-animation-output-transform-array" count="21" stride="16"><param type="float4x4"/></accessor></technique_common></source><source id="jnt_hips-Interpolations"><Name_array id="jnt_hips-Interpolations-array" count="21">
 LINEAR LINEAR LINEAR LINEAR LINEAR LINEAR LINEAR LINEAR LINEAR LINEAR LINEAR
LINEAR LINEAR LINEAR LINEAR LINEAR LINEAR LINEAR LINEAR LINEAR LINEAR</Name_array><technique_common><accessor source="#jnt_hips-Interpolations-array" count="21"><param type="name"/></accessor></technique_common></source><sampler id="jnt_hips-Matrix-animation-transform"><input semantic="INPUT" source="#jnt_hips-Matrix-animation-input"/><input semantic="OUTPUT" source="#jnt_hips-Matrix-animation-output-transform"/><input semantic="INTERPOLATION" source="#jnt_hips-Interpolations"/></sampler><channel source="#jnt_hips-Matrix-animation-transform" target="jnt_hips/matrix"/></animation></animation>
    <animation id="jnt_right_upleg-anim" name="jnt_right_upleg"><animation><source id="jnt_right_upleg-Matrix-animation-input"><float_array id="jnt_right_upleg-Matrix-animation-input-array" count="21">

0.000000 0.033333 0.066667 0.100000 0.133333 0.166667 0.200000 0.233333 0.266667 0.300000 0.333333 0.366667 0.400000 0.433333 0.466667 0.500000
0.533333 0.566667 0.600000 0.633333 0.666667</float_array><technique_common><accessor source="#jnt_right_upleg-Matrix-animation-input-array" count="21"><param name="TIME" type="float"/></accessor></technique_common></source><source id="jnt_right_upleg-Matrix-animation-output-transform"><float_array id="jnt_right_upleg-Matrix-animation-output-transform-array" count="336">

-0.587956 0.119174 -0.800066 -0.446779 -0.808844 -0.075739 0.583125 -0.111214 0.008898 0.989980 0.140924 0.043020 0.000000 0.000000 0.000000 1.000000
-0.571624 0.104856 -0.813788 -0.446780 -0.820511 -0.069938 0.567336 -0.111214 0.002574 0.992025 0.126014 0.043020 0.000000 0.000000 0.000000 1.000000
-0.539884 0.079937 -0.837935 -0.446780 -0.841724 -0.057355 0.536853 -0.111214 -0.005145 0.995148 0.098251 0.043020 0.000000 0.000000 0.000000 1.000000
-0.496692 0.047465 -0.866628 -0.446780 -0.867826 -0.042366 0.495058 -0.111214 -0.013218 0.997974 0.062234 0.043021 0.000000 0.000000 0.000000 1.000000
-0.446485 0.010955 -0.894724 -0.446779 -0.894536 -0.029345 0.446032 -0.111214 -0.021369 0.999509 0.022902 0.043020 0.000000 0.000000 0.000000 1.000000
-0.394195 -0.025667 -0.918668 -0.446780 -0.918529 -0.021905 0.394747 -0.111214 -0.030256 0.999431 -0.014941 0.043020 0.000000 0.000000 0.000000 1.000000
-0.344990 -0.058643 -0.936773 -0.446780 -0.937696 -0.022404 0.346733 -0.111214 -0.041321 0.998028 -0.047260 0.043020 0.000000 0.000000 0.000000 1.000000
-0.303986 -0.085036 -0.948874 -0.446780 -0.951007 -0.031857 0.307524 -0.111214 -0.056379 0.995868 -0.071186 0.043020 0.000000 0.000000 0.000000 1.000000
-0.276083 -0.103162 -0.955581 -0.446780 -0.958032 -0.050276 0.282218 -0.111214 -0.077157 0.993393 -0.084952 0.043020 0.000000 0.000000 0.000000 1.000000
-0.264284 -0.106272 -0.958572 -0.446779 -0.959461 -0.071943 0.272505 -0.111214 -0.097923 0.991731 -0.082950 0.043020 0.000000 0.000000 0.000000 1.000000
-0.272264 -0.092923 -0.957725 -0.446780 -0.955619 -0.090300 0.280426 -0.111214 -0.112541 0.991570 -0.064213 0.043020 0.000000 0.000000 0.000000 1.000000
-0.291580 -0.074750 -0.953621 -0.446780 -0.948924 -0.103003 0.298217 -0.111214 -0.120517 0.991868 -0.040898 0.043020 0.000000 0.000000 0.000000 1.000000
-0.312963 -0.059030 -0.947929 -0.446780 -0.942394 -0.104805 0.317662 -0.111214 -0.118100 0.992739 -0.022829 0.043020 0.000000 0.000000 0.000000 1.000000
-0.326740 -0.048415 -0.943874 -0.446780 -0.940058 -0.086517 0.329857 -0.111214 -0.097631 0.995073 -0.017244 0.043020 0.000000 0.000000 0.000000 1.000000
-0.323132 -0.044185 -0.945322 -0.446779 -0.945011 -0.038135 0.324809 -0.111214 -0.050402 0.998295 -0.029432 0.043020 0.000000 0.000000 0.000000 1.000000
-0.304411 -0.053769 -0.951022 -0.446779 -0.952525 0.022886 0.303598 -0.111214 0.005441 0.998291 -0.058183 0.043020 0.000000 0.000000 0.000000 1.000000
-0.276288 -0.075937 -0.958070 -0.446780 -0.960174 0.064966 0.271745 -0.111214 0.041606 0.994994 -0.090862 0.043020 0.000000 0.000000 0.000000 1.000000
-0.239657 -0.102111 -0.965473 -0.446780 -0.969188 0.083469 0.231751 -0.111214 0.056923 0.991265 -0.118968 0.043020 0.000000 0.000000 0.000000 1.000000
-0.202419 -0.129220 -0.970736 -0.446780 -0.978029 0.077139 0.193671 -0.111214 0.049856 0.988611 -0.141996 0.043020 0.000000 0.000000 0.000000 1.000000
-0.171511 -0.151745 -0.973426 -0.446780 -0.984842 0.052367 0.165359 -0.111214 0.025883 0.987032 -0.158426 0.043020 0.000000 0.000000 0.000000 1.000000
-0.156099 -0.161750 -0.974408 -0.446780 -0.987701 0.034532 0.152497 -0.111214 0.008982 0.986227 -0.165151 0.043020 0.000000 0.000000 0.000000 1.000000</float_array><technique_common><accessor source="#jnt_right_upleg-Matrix-animation-output-transform-array" count="21" stride="16"><param type="float4x4"/></accessor></technique_common></source><source id="jnt_right_upleg-Interpolations"><Name_array id="jnt_right_upleg-Interpolations-array" count="21">
 LINEAR LINEAR LINEAR LINEAR LINEAR LINEAR LINEAR LINEAR LINEAR LINEAR LINEAR
LINEAR LINEAR LINEAR LINEAR LINEAR LINEAR LINEAR LINEAR LINEAR LINEAR</Name_array><technique_common><accessor source="#jnt_right_upleg-Interpolations-array" count="21"><param type="name"/></accessor></technique_common></source><sampler id="jnt_right_upleg-Matrix-animation-transform"><input semantic="INPUT" source="#jnt_right_upleg-Matrix-animation-input"/><input semantic="OUTPUT" source="#jnt_right_upleg-Matrix-animation-output-transform"/><input semantic="INTERPOLATION" source="#jnt_right_upleg-Interpolations"/></sampler><channel source="#jnt_right_upleg-Matrix-animation-transform" target="jnt_right_upleg/matrix"/></animation></animation>
    <animation id="jnt_right_uplegroll-anim" name="jnt_right_uplegroll"><animation><source id="jnt_right_uplegroll-Matrix-animation-input"><float_array id="jnt_right_uplegroll-Matrix-animation-input-array" count="21">

0.000000 0.033333 0.066667 0.100000 0.133333 0.166667 0.200000 0.233333 0.266667 0.300000 0.333333 0.366667 0.400000 0.433333 0.466667 0.500000
0.533333 0.566667 0.600000 0.633333 0.666667</float_array><technique_common><accessor source="#jnt_right_uplegroll-Matrix-animation-input-array" count="21"><param name="TIME" type="float"/></accessor></technique_common></source><source id="jnt_right_uplegroll-Matrix-animation-output-transform"><float_array id="jnt_right_uplegroll-Matrix-animation-output-transform-array" count="336">

1.000000 -0.000000 0.000000 0.430000 0.000000 1.000000 0.000000 0.000000 0.000000 0.000000 1.000000 0.000000 0.000000 0.000000 0.000000 1.000000
1.000000 -0.000000 0.000000 0.430000 -0.000000 1.000000 -0.000000 0.000000 0.000000 0.000000 1.000000 0.000000 0.000000 0.000000 0.000000 1.000000
1.000000 -0.000000 0.000000 0.430001 0.000000 1.000000 0.000000 -0.000000 0.000000 0.000000 1.000000 -0.000000 0.000000 0.000000 0.000000 1.000000
1.000000 0.000000 -0.000000 0.430000 -0.000000 1.000000 0.000000 -0.000000 -0.000000 -0.000000 1.000000 0.000000 0.000000 0.000000 0.000000 1.000000
1.000000 -0.000000 -0.000000 0.430000 0.000000 1.000000 0.000000 0.000000 -0.000000 -0.000000 1.000000 0.000000 0.000000 0.000000 0.000000 1.000000
1.000000 0.000000 -0.000000 0.430000 -0.000000 1.000000 0.000000 -0.000000 -0.000000 0.000000 1.000000 0.000000 0.000000 0.000000 0.000000 1.000000
1.000000 -0.000000 -0.000000 0.430000 -0.000000 1.000000 -0.000000 0.000000 0.000000 0.000000 1.000000 0.000000 0.000000 0.000000 0.000000 1.000000
1.000000 -0.000000 -0.000000 0.430001 0.000000 1.000000 -0.000000 -0.000000 -0.000000 0.000000 1.000000 0.000000 0.000000 0.000000 0.000000 1.000000
1.000000 0.000000 0.000000 0.430000 0.000000 1.000000 0.000000 -0.000000 0.000000 0.000000 1.000000 0.000000 0.000000 0.000000 0.000000 1.000000
1.000000 -0.000000 -0.000000 0.430000 -0.000000 1.000000 -0.000000 -0.000000 0.000000 0.000000 1.000000 0.000000 0.000000 0.000000 0.000000 1.000000
1.000000 0.000000 0.000000 0.430001 -0.000000 1.000000 0.000000 0.000000 0.000000 0.000000 1.000000 0.000000 0.000000 0.000000 0.000000 1.000000
1.000000 0.000000 0.000000 0.430000 0.000000 1.000000 -0.000000 0.000000 0.000000 0.000000 1.000000 0.000000 0.000000 0.000000 0.000000 1.000000
1.000000 0.000000 -0.000000 0.430000 0.000000 1.000000 0.000000 0.000000 -0.000000 -0.000000 1.000000 0.000000 0.000000 0.000000 0.000000 1.000000
1.000000 0.000000 -0.000000 0.430000 0.000000 1.000000 -0.000000 0.000000 0.000000 -0.000000 1.000000 -0.000000 0.000000 0.000000 0.000000 1.000000
1.000000 -0.000000 0.000000 0.430001 -0.000000 1.000000 -0.000000 -0.000000 -0.000000 0.000000 1.000000 -0.000000 0.000000 0.000000 0.000000 1.000000
1.000000 0.000000 0.000000 0.430000 0.000000 1.000000 0.000000 -0.000000 -0.000000 -0.000000 1.000000 0.000000 0.000000 0.000000 0.000000 1.000000
1.000000 0.000000 -0.000000 0.430000 0.000000 1.000000 -0.000000 0.000000 0.000000 0.000000 1.000000 0.000000 0.000000 0.000000 0.000000 1.000000
1.000000 0.000000 0.000000 0.430000 -0.000000 1.000000 0.000000 -0.000000 -0.000000 0.000000 1.000000 -0.000000 0.000000 0.000000 0.000000 1.000000
1.000000 0.000000 0.000000 0.430000 -0.000000 1.000000 -0.000000 0.000000 -0.000000 0.000000 1.000000 0.000000 0.000000 0.000000 0.000000 1.000000
1.000000 -0.000000 0.000000 0.430000 0.000000 1.000000 -0.000000 0.000000 0.000000 -0.000000 1.000000 0.000000 0.000000 0.000000 0.000000 1.000000
1.000000 0.000000 -0.000000 0.430000 -0.000000 1.000000 0.000000 0.000000 -0.000000 -0.000000 1.000000 0.000000 0.000000 0.000000 0.000000 1.000000</float_array><technique_common><accessor source="#jnt_right_uplegroll-Matrix-animation-output-transform-array" count="21" stride="16"><param type="float4x4"/></accessor></technique_common></source><source id="jnt_right_uplegroll-Interpolations"><Name_array id="jnt_right_uplegroll-Interpolations-array" count="21">
 LINEAR LINEAR LINEAR LINEAR LINEAR LINEAR LINEAR LINEAR LINEAR LINEAR LINEAR
LINEAR LINEAR LINEAR LINEAR LINEAR LINEAR LINEAR LINEAR LINEAR LINEAR</Name_array><technique_common><accessor source="#jnt_right_uplegroll-Interpolations-array" count="21"><param type="name"/></accessor></technique_common></source><sampler id="jnt_right_uplegroll-Matrix-animation-transform"><input semantic="INPUT" source="#jnt_right_uplegroll-Matrix-animation-input"/><input semantic="OUTPUT" source="#jnt_right_uplegroll-Matrix-animation-output-transform"/><input semantic="INTERPOLATION" source="#jnt_right_uplegroll-Interpolations"/></sampler><channel source="#jnt_right_uplegroll-Matrix-animation-transform" target="jnt_right_uplegroll/matrix"/></animation></animation>
    <animation id="jnt_right_leg-anim" name="jnt_right_leg"><animation><source id="jnt_right_leg-Matrix-animation-input"><float_array id="jnt_right_leg-Matrix-animation-input-array" count="21">

0.000000 0.033333 0.066667 0.100000 0.133333 0.166667 0.200000 0.233333 0.266667 0.300000 0.333333 0.366667 0.400000 0.433333 0.466667 0.500000
0.533333 0.566667 0.600000 0.633333 0.666667</float_array><technique_common><accessor source="#jnt_right_leg-Matrix-animation-input-array" count="21"><param name="TIME" type="float"/></accessor></technique_common></source><source id="jnt_right_leg-Matrix-animation-output-transform"><float_array id="jnt_right_leg-Matrix-animation-output-transform-array" count="336">

0.214556 0.962407 0.166546 0.860324 -0.976376 0.206873 0.062392 0.000000 0.025593 -0.175998 0.984058 0.000000 0.000000 0.000000 0.000000 1.000000
0.224643 0.963185 0.147682 0.860324 -0.974108 0.218010 0.059876 0.000000 0.025475 -0.157309 0.987221 0.000000 0.000000 0.000000 0.000000 1.000000
0.242303 0.963062 0.117474 0.860325 -0.969872 0.237286 0.055176 -0.000000 0.025263 -0.127304 0.991542 0.000000 0.000000 0.000000 0.000000 1.000000
0.270368 0.956199 0.112181 0.860324 -0.962435 0.265422 0.057187 0.000000 0.024907 -0.123428 0.992041 -0.000000 0.000000 0.000000 0.000000 1.000000
0.310966 0.946559 0.085598 0.860324 -0.950109 0.307293 0.053515 0.000001 0.024351 -0.097969 0.994892 0.000000 0.000000 0.000000 0.000000 1.000000
0.364319 0.929422 0.058704 0.860324 -0.930977 0.361885 0.048189 -0.000000 0.023544 -0.072208 0.997112 -0.000000 0.000000 0.000000 0.000000 1.000000
0.428311 0.903000 0.033780 0.860324 -0.903353 0.426950 0.040836 -0.000000 0.022453 -0.048006 0.998595 0.000000 0.000000 0.000000 0.000000 1.000000
0.498706 0.866678 0.012686 0.860324 -0.866515 0.498149 0.031618 -0.000000 0.021084 -0.026761 0.999420 -0.000000 0.000000 0.000000 0.000000 1.000000
0.570058 0.821598 -0.003344 0.860324 -0.821373 0.569989 0.021403 0.000001 0.019490 -0.009454 0.999765 -0.000000 0.000000 0.000000 0.000000 1.000000
0.635256 0.772137 -0.015921 0.860324 -0.772094 0.635428 0.010093 -0.000001 0.017910 0.005881 0.999822 0.000000 0.000000 0.000000 0.000000 1.000000
0.684428 0.728675 -0.024295 0.860324 -0.728889 0.684632 0.000105 -0.000000 0.016710 0.017637 0.999705 0.000000 0.000000 0.000000 0.000000 1.000000
0.720528 0.692837 -0.028573 0.860324 -0.693245 0.720669 -0.006846 -0.000001 0.015848 0.024741 0.999568 0.000000 0.000000 0.000000 0.000000 1.000000
0.742636 0.669047 -0.029458 0.860324 -0.669519 0.742732 -0.009707 -0.000000 0.015385 0.026931 0.999519 -0.000000 0.000000 0.000000 0.000000 1.000000
0.744584 0.666927 -0.028334 0.860324 -0.667347 0.744700 -0.008315 0.000000 0.015555 0.025100 0.999564 0.000000 0.000000 0.000000 0.000000 1.000000
0.718231 0.695202 -0.028968 0.860324 -0.695607 0.718397 -0.006064 -0.000000 0.016594 0.024506 0.999562 -0.000000 0.000000 0.000000 0.000000 1.000000
0.686352 0.727004 -0.019673 0.860325 -0.727056 0.686555 0.005691 -0.000000 0.017644 0.010397 0.999790 -0.000000 0.000000 0.000000 0.000000 1.000000
0.693614 0.719987 -0.022772 0.860324 -0.720131 0.693833 0.002521 0.000000 0.017615 0.014651 0.999738 0.000000 0.000000 0.000000 0.000000 1.000000
0.741077 0.670460 -0.035877 0.860324 -0.671219 0.741105 -0.015148 -0.000000 0.016432 0.035307 0.999241 -0.000000 0.000000 0.000000 0.000000 1.000000
0.810702 0.583602 -0.046594 0.860324 -0.585291 0.809807 -0.040591 0.000000 0.014043 0.060179 0.998089 0.000000 0.000000 0.000000 0.000000 1.000000
0.876672 0.478602 -0.048848 0.860324 -0.480962 0.874241 -0.066174 0.000000 0.011034 0.081507 0.996612 -0.000000 0.000000 0.000000 0.000000 1.000000
0.907688 0.416820 -0.048616 0.860324 -0.419543 0.903923 -0.083111 0.000000 0.009303 0.095835 0.995354 0.000000 0.000000 0.000000 0.000000 1.000000</float_array><technique_common><accessor source="#jnt_right_leg-Matrix-animation-output-transform-array" count="21" stride="16"><param type="float4x4"/></accessor></technique_common></source><source id="jnt_right_leg-Interpolations"><Name_array id="jnt_right_leg-Interpolations-array" count="21">
 LINEAR LINEAR LINEAR LINEAR LINEAR LINEAR LINEAR LINEAR LINEAR LINEAR LINEAR
LINEAR LINEAR LINEAR LINEAR LINEAR LINEAR LINEAR LINEAR LINEAR LINEAR</Name_array><technique_common><accessor source="#jnt_right_leg-Interpolations-array" count="21"><param type="name"/></accessor></technique_common></source><sampler id="jnt_right_leg-Matrix-animation-transform"><input semantic="INPUT" source="#jnt_right_leg-Matrix-animation-input"/><input semantic="OUTPUT" source="#jnt_right_leg-Matrix-animation-output-transform"/><input semantic="INTERPOLATION" source="#jnt_right_leg-Interpolations"/></sampler><channel source="#jnt_right_leg-Matrix-animation-transform" target="jnt_right_leg/matrix"/></animation></animation>
    <animation id="jnt_right_legroll-anim" name="jnt_right_legroll"><animation><source id="jnt_right_legroll-Matrix-animation-input"><float_array id="jnt_right_legroll-Matrix-animation-input-array" count="21">

0.000000 0.033333 0.066667 0.100000 0.133333 0.166667 0.200000 0.233333 0.266667 0.300000 0.333333 0.366667 0.400000 0.433333 0.466667 0.500000
0.533333 0.566667 0.600000 0.633333 0.666667</float_array><technique_common><accessor source="#jnt_right_legroll-Matrix-animation-input-array" count="21"><param name="TIME" type="float"/></accessor></technique_common></source><source id="jnt_right_legroll-Matrix-animation-output-transform"><float_array id="jnt_right_legroll-Matrix-animation-output-transform-array" count="336">

1.000000 0.000000 -0.000000 0.384000 -0.000000 0.992969 0.118376 0.000000 0.000000 -0.118376 0.992969 0.000000 0.000000 0.000000 0.000000 1.000000
1.000000 -0.000001 -0.000000 0.384000 0.000001 0.992969 0.118376 0.000000 0.000000 -0.118376 0.992969 0.000000 0.000000 0.000000 0.000000 1.000000
1.000000 0.000000 -0.000000 0.384000 0.000000 0.992969 0.118376 -0.000000 -0.000000 -0.118376 0.992969 0.000000 0.000000 0.000000 0.000000 1.000000
1.000000 -0.000000 0.000001 0.384000 -0.000000 0.995817 0.091375 -0.000000 -0.000001 -0.091375 0.995817 0.000000 0.000000 0.000000 0.000000 1.000000
1.000000 -0.000000 0.000001 0.384000 0.000000 0.996887 0.078844 0.000000 -0.000001 -0.078844 0.996887 0.000000 0.000000 0.000000 0.000000 1.000000
1.000000 -0.000000 -0.000000 0.384000 -0.000000 0.997767 0.066791 -0.000000 -0.000000 -0.066791 0.997767 0.000000 0.000000 0.000000 0.000000 1.000000
1.000000 0.000000 -0.000000 0.384000 -0.000000 0.998410 0.056364 -0.000000 -0.000000 -0.056364 0.998410 -0.000000 0.000000 0.000000 0.000000 1.000000
1.000000 -0.000000 0.000000 0.384000 -0.000000 0.998829 0.048379 0.000000 0.000000 -0.048379 0.998829 -0.000000 0.000000 0.000000 0.000000 1.000000
1.000000 0.000000 0.000000 0.384000 -0.000000 0.999063 0.043281 -0.000000 -0.000000 -0.043281 0.999063 0.000000 0.000000 0.000000 0.000000 1.000000
1.000000 0.000000 0.000000 0.384000 0.000000 0.999247 0.038802 -0.000000 0.000000 -0.038802 0.999247 0.000000 0.000000 0.000000 0.000000 1.000000
1.000000 0.000000 -0.000000 0.384000 -0.000000 0.999409 0.034362 0.000000 0.000000 -0.034362 0.999409 -0.000000 0.000000 0.000000 0.000000 1.000000
1.000000 0.000000 0.000000 0.384000 -0.000000 0.999523 0.030899 -0.000000 0.000000 -0.030899 0.999523 -0.000000 0.000000 0.000000 0.000000 1.000000
1.000000 -0.000000 0.000000 0.384000 -0.000000 0.999586 0.028769 -0.000000 0.000000 -0.028769 0.999586 0.000000 0.000000 0.000000 0.000000 1.000000
1.000000 -0.000000 -0.000000 0.384000 0.000000 0.999624 0.027429 0.000000 0.000000 -0.027429 0.999624 0.000000 0.000000 0.000000 0.000000 1.000000
1.000000 -0.000000 0.000000 0.384000 -0.000000 0.999608 0.027987 0.000000 0.000000 -0.027987 0.999608 0.000000 0.000000 0.000000 0.000000 1.000000
1.000000 -0.000000 0.000000 0.384000 -0.000000 0.999881 0.015459 -0.000000 -0.000000 -0.015459 0.999881 -0.000000 0.000000 0.000000 0.000000 1.000000
1.000000 -0.000000 0.000000 0.384000 -0.000000 0.999969 0.007915 -0.000000 0.000000 -0.007915 0.999969 -0.000000 0.000000 0.000000 0.000000 1.000000
1.000000 -0.000000 0.000000 0.384000 0.000000 0.999994 0.003339 -0.000000 -0.000000 -0.003339 0.999994 0.000000 0.000000 0.000000 0.000000 1.000000
1.000000 -0.000000 0.000000 0.384000 0.000000 1.000000 0.000989 0.000000 0.000000 -0.000989 1.000000 -0.000000 0.000000 0.000000 0.000000 1.000000
1.000000 0.000000 -0.000000 0.384000 0.000000 1.000000 0.000124 -0.000000 0.000000 -0.000124 1.000000 0.000000 0.000000 0.000000 0.000000 1.000000
1.000000 0.000000 0.000000 0.384000 -0.000000 1.000000 -0.000000 -0.000000 0.000000 0.000000 1.000000 0.000000 0.000000 0.000000 0.000000 1.000000</float_array><technique_common><accessor source="#jnt_right_legroll-Matrix-animation-output-transform-array" count="21" stride="16"><param type="float4x4"/></accessor></technique_common></source><source id="jnt_right_legroll-Interpolations"><Name_array id="jnt_right_legroll-Interpolations-array" count="21">
 LINEAR LINEAR LINEAR LINEAR LINEAR LINEAR LINEAR LINEAR LINEAR LINEAR LINEAR
LINEAR LINEAR LINEAR LINEAR LINEAR LINEAR LINEAR LINEAR LINEAR LINEAR</Name_array><technique_common><accessor source="#jnt_right_legroll-Interpolations-array" count="21"><param type="name"/></accessor></technique_common></source><sampler id="jnt_right_legroll-Matrix-animation-transform"><input semantic="INPUT" source="#jnt_right_legroll-Matrix-animation-input"/><input semantic="OUTPUT" source="#jnt_right_legroll-Matrix-animation-output-transform"/><input semantic="INTERPOLATION" source="#jnt_right_legroll-Interpolations"/></sampler><channel source="#jnt_right_legroll-Matrix-animation-transform" target="jnt_right_legroll/matrix"/></animation></animation>
    <animation id="jnt_right_foot-anim" name="jnt_right_foot"><animation><source id="jnt_right_foot-Matrix-animation-input"><float_array id="jnt_right_foot-Matrix-animation-input-array" count="21">

0.000000 0.033333 0.066667 0.100000 0.133333 0.166667 0.200000 0.233333 0.266667 0.300000 0.333333 0.366667 0.400000 0.433333 0.466667 0.500000
0.533333 0.566667 0.600000 0.633333 0.666667</float_array><technique_common><accessor source="#jnt_right_foot-Matrix-animation-input-array" count="21"><param name="TIME" type="float"/></accessor></technique_common></source><source id="jnt_right_foot-Matrix-animation-output-transform"><float_array id="jnt_right_foot-Matrix-animation-output-transform-array" count="336">

-0.568387 -0.736511 0.366727 0.768145 0.822094 -0.526341 0.217087 0.000001 0.033137 0.424873 0.904646 -0.000000 0.000000 0.000000 0.000000 1.000000
-0.565030 -0.738196 0.368521 0.768145 0.824416 -0.522918 0.216552 0.000000 0.032849 0.426173 0.904045 -0.000000 0.000000 0.000000 0.000000 1.000000
-0.555390 -0.747680 0.364028 0.768144 0.831033 -0.515027 0.210074 0.000000 0.030416 0.419192 0.907388 -0.000000 0.000000 0.000000 0.000000 1.000000
-0.538511 -0.763862 0.355698 0.768145 0.840825 -0.514664 0.167731 0.000000 0.054941 0.389405 0.919427 -0.000000 0.000000 0.000000 0.000000 1.000000
-0.513642 -0.785339 0.345563 0.768144 0.855621 -0.498834 0.138120 0.000000 0.063908 0.366616 0.928175 -0.000000 0.000000 0.000000 0.000000 1.000000
-0.480791 -0.810183 0.335326 0.768144 0.873816 -0.474426 0.106614 0.000000 0.072711 0.344272 0.936050 -0.000000 0.000000 0.000000 0.000000 1.000000
-0.440978 -0.835955 0.326676 0.768145 0.893888 -0.441774 0.076165 0.000000 0.080646 0.325599 0.942063 -0.000000 0.000000 0.000000 0.000000 1.000000
-0.396302 -0.859935 0.321648 0.768145 0.913996 -0.402688 0.049534 0.000000 0.086928 0.313615 0.945563 -0.000000 0.000000 0.000000 0.000000 1.000000
-0.349741 -0.879452 0.322871 0.768144 0.932445 -0.360141 0.029074 -0.000000 0.090710 0.311228 0.945996 -0.000000 0.000000 0.000000 0.000000 1.000000
-0.285802 -0.894506 0.343768 0.768145 0.953676 -0.300649 0.010559 0.000000 0.093908 0.330862 0.938995 -0.000000 0.000000 0.000000 0.000000 1.000000
-0.216059 -0.898700 0.381651 0.768145 0.971660 -0.236296 -0.006350 0.000000 0.095889 0.369463 0.924285 -0.000000 0.000000 0.000000 0.000000 1.000000
-0.145852 -0.893623 0.424458 0.768145 0.984848 -0.171839 -0.023364 -0.000000 0.093817 0.414619 0.905146 -0.000000 0.000000 0.000000 0.000000 1.000000
-0.082568 -0.882994 0.462066 0.768145 0.992705 -0.113747 -0.039977 0.000000 0.087858 0.455394 0.885944 0.000000 0.000000 0.000000 0.000000 1.000000
-0.036156 -0.872923 0.486517 0.768145 0.996003 -0.071267 -0.053850 -0.000000 0.081680 0.482625 0.872010 -0.000000 0.000000 0.000000 0.000000 1.000000
-0.015551 -0.871261 0.490573 0.768144 0.996831 -0.051788 -0.060376 0.000000 0.078009 0.488080 0.869306 -0.000000 0.000000 0.000000 0.000000 1.000000
-0.008309 -0.880123 0.474673 0.768145 0.995505 -0.052065 -0.079111 0.000000 0.094341 0.471883 0.876599 -0.000000 0.000000 0.000000 0.000000 1.000000
0.009014 -0.895391 0.445189 0.768145 0.994355 -0.039042 -0.098657 -0.000000 0.105718 0.443566 0.889985 -0.000000 0.000000 0.000000 0.000000 1.000000
0.038699 -0.913635 0.404689 0.768145 0.992634 -0.011381 -0.120616 0.000000 0.114804 0.406376 0.906465 -0.000000 0.000000 0.000000 0.000000 1.000000
0.076321 -0.930470 0.358330 0.768145 0.989758 0.027218 -0.140134 0.000000 0.120638 0.365355 0.923018 -0.000000 0.000000 0.000000 0.000000 1.000000
0.113506 -0.941825 0.316357 0.768145 0.985811 0.067130 -0.153850 -0.000000 0.123663 0.329331 0.936081 0.000000 0.000000 0.000000 0.000000 1.000000
0.125471 -0.946433 0.297525 0.768145 0.984185 0.080942 -0.157569 -0.000000 0.125046 0.312590 0.941621 0.000000 0.000000 0.000000 0.000000 1.000000</float_array><technique_common><accessor source="#jnt_right_foot-Matrix-animation-output-transform-array" count="21" stride="16"><param type="float4x4"/></accessor></technique_common></source><source id="jnt_right_foot-Interpolations"><Name_array id="jnt_right_foot-Interpolations-array" count="21">
 LINEAR LINEAR LINEAR LINEAR LINEAR LINEAR LINEAR LINEAR LINEAR LINEAR LINEAR
LINEAR LINEAR LINEAR LINEAR LINEAR LINEAR LINEAR LINEAR LINEAR LINEAR</Name_array><technique_common><accessor source="#jnt_right_foot-Interpolations-array" count="21"><param type="name"/></accessor></technique_common></source><sampler id="jnt_right_foot-Matrix-animation-transform"><input semantic="INPUT" source="#jnt_right_foot-Matrix-animation-input"/><input semantic="OUTPUT" source="#jnt_right_foot-Matrix-animation-output-transform"/><input semantic="INTERPOLATION" source="#jnt_right_foot-Interpolations"/></sampler><channel source="#jnt_right_foot-Matrix-animation-transform" target="jnt_right_foot/matrix"/></animation></animation>
    <animation id="jnt_right_toebase-anim" name="jnt_right_toebase"><animation><source id="jnt_right_toebase-Matrix-animation-input"><float_array id="jnt_right_toebase-Matrix-animation-input-array" count="21">

0.000000 0.033333 0.066667 0.100000 0.133333 0.166667 0.200000 0.233333 0.266667 0.300000 0.333333 0.366667 0.400000 0.433333 0.466667 0.500000
0.533333 0.566667 0.600000 0.633333 0.666667</float_array><technique_common><accessor source="#jnt_right_toebase-Matrix-animation-input-array" count="21"><param name="TIME" type="float"/></accessor></technique_common></source><source id="jnt_right_toebase-Matrix-animation-output-transform"><float_array id="jnt_right_toebase-Matrix-animation-output-transform-array" count="336">

0.918954 -0.394364 -0.000124 0.441847 0.394364 0.918954 0.000314 -0.000000 -0.000010 -0.000337 1.000000 0.000000 0.000000 0.000000 0.000000 1.000000
0.918954 -0.394364 -0.000123 0.441847 0.394364 0.918954 0.000314 -0.000000 -0.000010 -0.000337 1.000000 0.000000 0.000000 0.000000 0.000000 1.000000
0.918954 -0.394364 -0.000123 0.441847 0.394364 0.918954 0.000314 0.000000 -0.000010 -0.000337 1.000000 0.000000 0.000000 0.000000 0.000000 1.000000
0.918954 -0.394364 -0.000124 0.441847 0.394364 0.918954 0.000314 0.000000 -0.000010 -0.000337 1.000000 0.000000 0.000000 0.000000 0.000000 1.000000
0.918954 -0.394364 -0.000124 0.441847 0.394364 0.918954 0.000314 0.000000 -0.000010 -0.000337 1.000000 0.000000 0.000000 0.000000 0.000000 1.000000
0.918954 -0.394364 -0.000124 0.441847 0.394364 0.918954 0.000314 -0.000000 -0.000010 -0.000337 1.000000 0.000000 0.000000 0.000000 0.000000 1.000000
0.918954 -0.394364 -0.000123 0.441847 0.394364 0.918954 0.000314 -0.000000 -0.000010 -0.000337 1.000000 0.000000 0.000000 0.000000 0.000000 1.000000
0.918954 -0.394364 -0.000124 0.441847 0.394364 0.918954 0.000314 -0.000000 -0.000010 -0.000337 1.000000 0.000000 0.000000 0.000000 0.000000 1.000000
0.918954 -0.394364 -0.000124 0.441847 0.394364 0.918954 0.000314 -0.000000 -0.000010 -0.000337 1.000000 0.000000 0.000000 0.000000 0.000000 1.000000
0.918954 -0.394364 -0.000123 0.441847 0.394364 0.918954 0.000314 -0.000000 -0.000010 -0.000337 1.000000 -0.000000 0.000000 0.000000 0.000000 1.000000
0.918954 -0.394364 -0.000123 0.441847 0.394364 0.918954 0.000314 -0.000000 -0.000011 -0.000337 1.000000 0.000000 0.000000 0.000000 0.000000 1.000000
0.918954 -0.394364 -0.000123 0.441847 0.394364 0.918954 0.000314 0.000000 -0.000011 -0.000337 1.000000 -0.000000 0.000000 0.000000 0.000000 1.000000
0.918954 -0.394364 -0.000123 0.441847 0.394364 0.918954 0.000314 -0.000000 -0.000011 -0.000337 1.000000 -0.000000 0.000000 0.000000 0.000000 1.000000
0.918954 -0.394364 -0.000123 0.441847 0.394364 0.918954 0.000314 0.000000 -0.000011 -0.000337 1.000000 0.000000 0.000000 0.000000 0.000000 1.000000
0.918954 -0.394364 -0.000123 0.441847 0.394364 0.918954 0.000314 0.000000 -0.000011 -0.000337 1.000000 -0.000000 0.000000 0.000000 0.000000 1.000000
0.918954 -0.394364 -0.000123 0.441847 0.394364 0.918954 0.000314 -0.000000 -0.000011 -0.000337 1.000000 -0.000000 0.000000 0.000000 0.000000 1.000000
0.918954 -0.394364 -0.000123 0.441847 0.394364 0.918954 0.000314 0.000000 -0.000011 -0.000337 1.000000 -0.000000 0.000000 0.000000 0.000000 1.000000
0.918954 -0.394364 -0.000123 0.441847 0.394364 0.918954 0.000314 -0.000000 -0.000011 -0.000337 1.000000 -0.000000 0.000000 0.000000 0.000000 1.000000
0.918954 -0.394364 -0.000122 0.441847 0.394364 0.918954 0.000314 -0.000000 -0.000011 -0.000337 1.000000 -0.000000 0.000000 0.000000 0.000000 1.000000
0.918954 -0.394364 -0.000122 0.441847 0.394364 0.918954 0.000314 -0.000000 -0.000012 -0.000337 1.000000 -0.000000 0.000000 0.000000 0.000000 1.000000
0.918954 -0.394364 -0.000122 0.441847 0.394364 0.918954 0.000314 0.000000 -0.000011 -0.000337 1.000000 -0.000000 0.000000 0.000000 0.000000 1.000000</float_array><technique_common><accessor source="#jnt_right_toebase-Matrix-animation-output-transform-array" count="21" stride="16"><param type="float4x4"/></accessor></technique_common></source><source id="jnt_right_toebase-Interpolations"><Name_array id="jnt_right_toebase-Interpolations-array" count="21">
 LINEAR LINEAR LINEAR LINEAR LINEAR LINEAR LINEAR LINEAR LINEAR LINEAR LINEAR
LINEAR LINEAR LINEAR LINEAR LINEAR LINEAR LINEAR LINEAR LINEAR LINEAR</Name_array><technique_common><accessor source="#jnt_right_toebase-Interpolations-array" count="21"><param type="name"/></accessor></technique_common></source><sampler id="jnt_right_toebase-Matrix-animation-transform"><input semantic="INPUT" source="#jnt_right_toebase-Matrix-animation-input"/><input semantic="OUTPUT" source="#jnt_right_toebase-Matrix-animation-output-transform"/><input semantic="INTERPOLATION" source="#jnt_right_toebase-Interpolations"/></sampler><channel source="#jnt_right_toebase-Matrix-animation-transform" target="jnt_right_toebase/matrix"/></animation></animation>
    <animation id="jnt_right_toeend-anim" name="jnt_right_toeend"><animation><source id="jnt_right_toeend-Matrix-animation-input"><float_array id="jnt_right_toeend-Matrix-animation-input-array" count="21">

0.000000 0.033333 0.066667 0.100000 0.133333 0.166667 0.200000 0.233333 0.266667 0.300000 0.333333 0.366667 0.400000 0.433333 0.466667 0.500000
0.533333 0.566667 0.600000 0.633333 0.666667</float_array><technique_common><accessor source="#jnt_right_toeend-Matrix-animation-input-array" count="21"><param name="TIME" type="float"/></accessor></technique_common></source><source id="jnt_right_toeend-Matrix-animation-output-transform"><float_array id="jnt_right_toeend-Matrix-animation-output-transform-array" count="336">

1.000000 -0.000000 -0.000000 0.379397 -0.000000 1.000000 -0.000000 0.000000 0.000000 0.000000 1.000000 0.000000 0.000000 0.000000 0.000000 1.000000
1.000000 0.000000 -0.000000 0.379397 -0.000000 1.000000 0.000000 0.000000 0.000000 0.000000 1.000000 0.000000 0.000000 0.000000 0.000000 1.000000
1.000000 -0.000000 0.000000 0.379397 -0.000000 1.000000 0.000000 0.000000 0.000000 0.000000 1.000000 -0.000000 0.000000 0.000000 0.000000 1.000000
1.000000 0.000000 -0.000000 0.379397 0.000000 1.000000 0.000000 0.000000 -0.000000 0.000000 1.000000 0.000000 0.000000 0.000000 0.000000 1.000000
1.000000 0.000000 0.000000 0.379397 0.000000 1.000000 0.000000 0.000000 0.000000 0.000000 1.000000 -0.000000 0.000000 0.000000 0.000000 1.000000
1.000000 0.000000 -0.000000 0.379397 0.000000 1.000000 -0.000000 0.000000 -0.000000 0.000000 1.000000 0.000000 0.000000 0.000000 0.000000 1.000000
1.000000 0.000000 0.000000 0.379397 0.000000 1.000000 -0.000000 0.000000 -0.000000 0.000000 1.000000 -0.000000 0.000000 0.000000 0.000000 1.000000
1.000000 0.000000 0.000000 0.379397 0.000000 1.000000 0.000000 0.000000 -0.000000 0.000000 1.000000 0.000000 0.000000 0.000000 0.000000 1.000000
1.000000 -0.000000 -0.000000 0.379397 0.000000 1.000000 -0.000000 0.000000 -0.000000 0.000000 1.000000 0.000000 0.000000 0.000000 0.000000 1.000000
1.000000 -0.000000 0.000000 0.379397 -0.000000 1.000000 -0.000000 0.000000 -0.000000 -0.000000 1.000000 0.000000 0.000000 0.000000 0.000000 1.000000
1.000000 0.000000 -0.000000 0.379397 -0.000000 1.000000 0.000000 0.000000 -0.000000 0.000000 1.000000 0.000000 0.000000 0.000000 0.000000 1.000000
1.000000 -0.000000 -0.000000 0.379397 0.000000 1.000000 0.000000 0.000000 -0.000000 0.000000 1.000000 0.000000 0.000000 0.000000 0.000000 1.000000
1.000000 -0.000000 -0.000000 0.379397 0.000000 1.000000 0.000000 0.000000 0.000000 0.000000 1.000000 0.000000 0.000000 0.000000 0.000000 1.000000
1.000000 0.000000 0.000000 0.379397 0.000000 1.000000 0.000000 0.000000 0.000000 -0.000000 1.000000 0.000000 0.000000 0.000000 0.000000 1.000000
1.000000 0.000000 0.000000 0.379397 -0.000000 1.000000 0.000000 0.000000 0.000000 0.000000 1.000000 -0.000000 0.000000 0.000000 0.000000 1.000000
1.000000 -0.000000 0.000000 0.379397 -0.000000 1.000000 0.000000 0.000000 -0.000000 -0.000000 1.000000 -0.000000 0.000000 0.000000 0.000000 1.000000
1.000000 -0.000000 -0.000000 0.379397 -0.000000 1.000000 0.000000 0.000000 0.000000 0.000000 1.000000 -0.000000 0.000000 0.000000 0.000000 1.000000
1.000000 -0.000000 -0.000000 0.379397 -0.000000 1.000000 -0.000000 0.000000 0.000000 0.000000 1.000000 -0.000000 0.000000 0.000000 0.000000 1.000000
1.000000 0.000000 0.000000 0.379397 0.000000 1.000000 0.000000 0.000000 0.000000 0.000000 1.000000 0.000000 0.000000 0.000000 0.000000 1.000000
1.000000 0.000000 0.000000 0.379397 0.000000 1.000000 0.000000 0.000000 0.000000 -0.000000 1.000000 -0.000000 0.000000 0.000000 0.000000 1.000000
1.000000 0.000000 -0.000000 0.379397 0.000000 1.000000 0.000000 0.000000 0.000000 0.000000 1.000000 0.000000 0.000000 0.000000 0.000000 1.000000</float_array><technique_common><accessor source="#jnt_right_toeend-Matrix-animation-output-transform-array" count="21" stride="16"><param type="float4x4"/></accessor></technique_common></source><source id="jnt_right_toeend-Interpolations"><Name_array id="jnt_right_toeend-Interpolations-array" count="21">
 LINEAR LINEAR LINEAR LINEAR LINEAR LINEAR LINEAR LINEAR LINEAR LINEAR LINEAR
LINEAR LINEAR LINEAR LINEAR LINEAR LINEAR LINEAR LINEAR LINEAR LINEAR</Name_array><technique_common><accessor source="#jnt_right_toeend-Interpolations-array" count="21"><param type="name"/></accessor></technique_common></source><sampler id="jnt_right_toeend-Matrix-animation-transform"><input semantic="INPUT" source="#jnt_right_toeend-Matrix-animation-input"/><input semantic="OUTPUT" source="#jnt_right_toeend-Matrix-animation-output-transform"/><input semantic="INTERPOLATION" source="#jnt_right_toeend-Interpolations"/></sampler><channel source="#jnt_right_toeend-Matrix-animation-transform" target="jnt_right_toeend/matrix"/></animation></animation>
    <animation id="jnt_left_upleg-anim" name="jnt_left_upleg"><animation><source id="jnt_left_upleg-Matrix-animation-input"><float_array id="jnt_left_upleg-Matrix-animation-input-array" count="21">

0.000000 0.033333 0.066667 0.100000 0.133333 0.166667 0.200000 0.233333 0.266667 0.300000 0.333333 0.366667 0.400000 0.433333 0.466667 0.500000
