<?xml version="1.0" encoding="utf-8"?>
<COLLADA xmlns="http://www.collada.org/2005/11/COLLADASchema" version="1.4.1">
  <asset><contributor><author></author><authoring_tool>FBX COLLADA exporter</authoring_tool><comments></comments></contributor><created>2018-03-22T14:04:08Z</created><keywords></keywords><modified>2018-03-22T14:04:08Z</modified><revision></revision><subject></subject><title></title><unit meter="0.010000" name="centimeter"></unit><up_axis>Y_UP</up_axis></asset>
  <library_animations>
    <animation id="jnt_hips-anim" name="jnt_hips"><animation><source id="jnt_hips-Matrix-animation-input"><float_array id="jnt_hips-Matrix-animation-input-array" count="121">

0.000000 0.033333 0.066667 0.100000 0.133333 0.166667 0.200000 0.233333 0.266667 0.300000 0.333333 0.366667 0.400000 0.433333 0.466667 0.500000
0.533333 0.566667 0.600000 0.633333 0.666667 0.700000 0.733333 0.766667 0.800000 0.833333 0.866667 0.900000 0.933333 0.966667 1.000000 1.033333
1.066667 1.100000 1.133333 1.166667 1.200000 1.233333 1.266667 1.300000 1.333333 1.366667 1.400000 1.433333 1.466667 1.500000 1.533333 1.566667
1.600000 1.633333 1.666667 1.700000 1.733333 1.766667 1.800000 1.833333 1.866667 1.900000 1.933333 1.966667 2.000000 2.033333 2.066667 2.100000
2.133333 2.166667 2.200000 2.233333 2.266667 2.300000 2.333333 2.366667 2.400000 2.433333 2.466667 2.500000 2.533333 2.566667 2.600000 2.633333
2.666667 2.700000 2.733333 2.766667 2.800000 2.833333 2.866667 2.900000 2.933333 2.966667 3.000000 3.033333 3.066667 3.100000 3.133333 3.166667
3.200000 3.233333 3.266667 3.300000 3.333333 3.366667 3.400000 3.433333 3.466667 3.500000 3.533333 3.566667 3.600000 3.633333 3.666667 3.700000
3.733333 3.766667 3.800000 3.833333 3.866667 3.900000 3.933333 3.966667 4.000000</float_array><technique_common><accessor source="#jnt_hips-Matrix-animation-input-array" count="121"><param name="TIME" type="float"/></accessor></technique_common></source><source id="jnt_hips-Matrix-animation-output-transform"><float_array id="jnt_hips-Matrix-animation-output-transform-array" count="1936">

0.961463 0.055178 -0.269342 -0.011449 -0.002571 0.981416 0.191875 2.028563 0.274924 -0.183788 0.943737 -0.270758 0.000000 0.000000 0.000000 1.000000
0.961539 0.054822 -0.269141 -0.011541 -0.002329 0.981471 0.191596 2.028468 0.274657 -0.183601 0.943851 -0.270705 0.000000 0.000000 0.000000 1.000000
0.961624 0.054392 -0.268926 -0.011725 -0.002031 0.981537 0.191260 2.028160 0.274364 -0.183374 0.943980 -0.270576 0.000000 0.000000 0.000000 1.000000
0.961715 0.053895 -0.268700 -0.011995 -0.001681 0.981614 0.190871 2.027656 0.274047 -0.183112 0.944123 -0.270378 0.000000 0.000000 0.000000 1.000000
0.961813 0.053336 -0.268460 -0.012343 -0.001285 0.981699 0.190433 2.026970 0.273704 -0.182816 0.944280 -0.270115 0.000000 0.000000 0.000000 1.000000
0.961917 0.052720 -0.268208 -0.012764 -0.000846 0.981793 0.189951 2.026117 0.273339 -0.182490 0.944449 -0.269794 0.000000 0.000000 0.000000 1.000000
0.962028 0.052055 -0.267943 -0.013250 -0.000370 0.981894 0.189430 2.025112 0.272952 -0.182138 0.944629 -0.269419 0.000000 0.000000 0.000000 1.000000
0.962143 0.051346 -0.267663 -0.013796 0.000138 0.982001 0.188874 2.023971 0.272544 -0.181761 0.944819 -0.268995 0.000000 0.000000 0.000000 1.000000
0.962264 0.050597 -0.267371 -0.014394 0.000676 0.982114 0.188288 2.022708 0.272116 -0.181363 0.945019 -0.268529 0.000000 0.000000 0.000000 1.000000
0.962390 0.049817 -0.267065 -0.015038 0.001237 0.982230 0.187676 2.021339 0.271669 -0.180948 0.945227 -0.268026 0.000000 0.000000 0.000000 1.000000
0.962520 0.049009 -0.266746 -0.015721 0.001817 0.982350 0.187043 2.019879 0.271204 -0.180518 0.945443 -0.267491 0.000000 0.000000 0.000000 1.000000
0.962654 0.048180 -0.266413 -0.016437 0.002412 0.982472 0.186394 2.018342 0.270723 -0.180076 0.945665 -0.266929 0.000000 0.000000 0.000000 1.000000
0.962792 0.047336 -0.266066 -0.017179 0.003017 0.982596 0.185733 2.016744 0.270227 -0.179625 0.945892 -0.266346 0.000000 0.000000 0.000000 1.000000
0.962933 0.046483 -0.265705 -0.017940 0.003627 0.982719 0.185066 2.015101 0.269716 -0.179170 0.946125 -0.265747 0.000000 0.000000 0.000000 1.000000
0.963077 0.045627 -0.265330 -0.018714 0.004238 0.982843 0.184395 2.013427 0.269191 -0.178711 0.946361 -0.265138 0.000000 0.000000 0.000000 1.000000
0.963224 0.044772 -0.264942 -0.019495 0.004845 0.982965 0.183727 2.011737 0.268654 -0.178254 0.946599 -0.264524 0.000000 0.000000 0.000000 1.000000
0.963374 0.043926 -0.264539 -0.020276 0.005444 0.983086 0.183065 2.010047 0.268106 -0.177800 0.946840 -0.263911 0.000000 0.000000 0.000000 1.000000
0.963526 0.043094 -0.264123 -0.021049 0.006030 0.983203 0.182414 2.008371 0.267547 -0.177353 0.947082 -0.263303 0.000000 0.000000 0.000000 1.000000
0.963680 0.042282 -0.263692 -0.021809 0.006597 0.983317 0.181780 2.006724 0.266979 -0.176917 0.947324 -0.262707 0.000000 0.000000 0.000000 1.000000
0.963835 0.041495 -0.263248 -0.022549 0.007143 0.983427 0.181165 2.005123 0.266402 -0.176494 0.947565 -0.262128 0.000000 0.000000 0.000000 1.000000
0.963993 0.040739 -0.262790 -0.023262 0.007661 0.983531 0.180576 2.003582 0.265818 -0.176087 0.947805 -0.261571 0.000000 0.000000 0.000000 1.000000
0.964151 0.040021 -0.262318 -0.023941 0.008147 0.983630 0.180016 2.002117 0.265228 -0.175700 0.948042 -0.261041 0.000000 0.000000 0.000000 1.000000
0.964311 0.039346 -0.261832 -0.024581 0.008598 0.983722 0.179491 2.000741 0.264632 -0.175336 0.948276 -0.260545 0.000000 0.000000 0.000000 1.000000
0.964472 0.038720 -0.261333 -0.025175 0.009007 0.983807 0.179004 1.999471 0.264032 -0.174998 0.948506 -0.260087 0.000000 0.000000 0.000000 1.000000
0.964633 0.038148 -0.260820 -0.025715 0.009370 0.983884 0.178560 1.998321 0.263428 -0.174689 0.948730 -0.259672 0.000000 0.000000 0.000000 1.000000
0.964796 0.037637 -0.260294 -0.026195 0.009683 0.983953 0.178164 1.997308 0.262822 -0.174412 0.948949 -0.259307 0.000000 0.000000 0.000000 1.000000
0.964958 0.037192 -0.259754 -0.026609 0.009940 0.984013 0.177821 1.996445 0.262215 -0.174172 0.949162 -0.258997 0.000000 0.000000 0.000000 1.000000
0.965121 0.036819 -0.259201 -0.026950 0.010138 0.984062 0.177535 1.995749 0.261607 -0.173970 0.949366 -0.258747 0.000000 0.000000 0.000000 1.000000
0.965284 0.036524 -0.258635 -0.027212 0.010271 0.984102 0.177310 1.995233 0.260999 -0.173811 0.949563 -0.258563 0.000000 0.000000 0.000000 1.000000
0.965448 0.036313 -0.258055 -0.027387 0.010335 0.984130 0.177151 1.994914 0.260393 -0.173697 0.949750 -0.258449 0.000000 0.000000 0.000000 1.000000
0.965610 0.036191 -0.257463 -0.027470 0.010325 0.984145 0.177062 1.994807 0.259789 -0.173631 0.949927 -0.258412 0.000000 0.000000 0.000000 1.000000
0.965785 0.036149 -0.256812 -0.027459 0.010248 0.984145 0.177069 1.994978 0.259141 -0.173642 0.950102 -0.258458 0.000000 0.000000 0.000000 1.000000
0.965983 0.036173 -0.256064 -0.027362 0.010116 0.984125 0.177186 1.995470 0.258408 -0.173748 0.950282 -0.258587 0.000000 0.000000 0.000000 1.000000
0.966201 0.036260 -0.255228 -0.027183 0.009931 0.984088 0.177404 1.996259 0.257599 -0.173942 0.950467 -0.258791 0.000000 0.000000 0.000000 1.000000
0.966436 0.036405 -0.254313 -0.026931 0.009697 0.984034 0.177714 1.997323 0.256723 -0.174215 0.950654 -0.259066 0.000000 0.000000 0.000000 1.000000
0.966687 0.036606 -0.253329 -0.026609 0.009414 0.983966 0.178107 1.998640 0.255787 -0.174559 0.950843 -0.259405 0.000000 0.000000 0.000000 1.000000
0.966951 0.036860 -0.252285 -0.026225 0.009086 0.983884 0.178574 2.000185 0.254801 -0.174965 0.951033 -0.259802 0.000000 0.000000 0.000000 1.000000
0.967224 0.037162 -0.251189 -0.025784 0.008716 0.983791 0.179107 2.001937 0.253774 -0.175426 0.951223 -0.260251 0.000000 0.000000 0.000000 1.000000
0.967506 0.037510 -0.250052 -0.025293 0.008304 0.983687 0.179694 2.003873 0.252713 -0.175932 0.951412 -0.260746 0.000000 0.000000 0.000000 1.000000
0.967792 0.037901 -0.248882 -0.024756 0.007855 0.983575 0.180328 2.005970 0.251629 -0.176475 0.951598 -0.261280 0.000000 0.000000 0.000000 1.000000
0.968081 0.038332 -0.247689 -0.024179 0.007370 0.983455 0.181000 2.008204 0.250529 -0.177048 0.951782 -0.261849 0.000000 0.000000 0.000000 1.000000
0.968370 0.038798 -0.246482 -0.023570 0.006851 0.983330 0.181700 2.010553 0.249423 -0.177642 0.951962 -0.262445 0.000000 0.000000 0.000000 1.000000
0.968658 0.039298 -0.245271 -0.022934 0.006302 0.983200 0.182420 2.012995 0.248319 -0.178248 0.952137 -0.263062 0.000000 0.000000 0.000000 1.000000
0.968941 0.039827 -0.244064 -0.022276 0.005726 0.983068 0.183150 2.015506 0.247226 -0.178859 0.952307 -0.263696 0.000000 0.000000 0.000000 1.000000
0.969218 0.040383 -0.242871 -0.021602 0.005123 0.982935 0.183881 2.018063 0.246152 -0.179465 0.952471 -0.264338 0.000000 0.000000 0.000000 1.000000
0.969486 0.040963 -0.241702 -0.020919 0.004498 0.982803 0.184605 2.020644 0.245107 -0.180059 0.952629 -0.264984 0.000000 0.000000 0.000000 1.000000
0.969743 0.041563 -0.240565 -0.020232 0.003853 0.982672 0.185311 2.023227 0.244099 -0.180631 0.952779 -0.265628 0.000000 0.000000 0.000000 1.000000
0.969987 0.042181 -0.239471 -0.019548 0.003191 0.982546 0.185993 2.025788 0.243137 -0.181175 0.952922 -0.266263 0.000000 0.000000 0.000000 1.000000
0.970216 0.042814 -0.238428 -0.018871 0.002514 0.982425 0.186640 2.028303 0.242229 -0.181680 0.953057 -0.266883 0.000000 0.000000 0.000000 1.000000
0.970428 0.043458 -0.237447 -0.018208 0.001825 0.982312 0.187243 2.030751 0.241384 -0.182139 0.953184 -0.267482 0.000000 0.000000 0.000000 1.000000
0.970621 0.044112 -0.236536 -0.017565 0.001127 0.982208 0.187795 2.033110 0.240612 -0.182544 0.953301 -0.268054 0.000000 0.000000 0.000000 1.000000
0.970793 0.044771 -0.235706 -0.016948 0.000422 0.982114 0.188285 2.035355 0.239920 -0.182885 0.953410 -0.268593 0.000000 0.000000 0.000000 1.000000
0.970941 0.045433 -0.234965 -0.016363 -0.000286 0.982034 0.188706 2.037464 0.239317 -0.183155 0.953510 -0.269094 0.000000 0.000000 0.000000 1.000000
0.971065 0.046095 -0.234324 -0.015814 -0.000994 0.981967 0.189047 2.039414 0.238813 -0.183344 0.953600 -0.269549 0.000000 0.000000 0.000000 1.000000
0.971162 0.046755 -0.233791 -0.015309 -0.001701 0.981918 0.189301 2.041183 0.238414 -0.183445 0.953681 -0.269953 0.000000 0.000000 0.000000 1.000000
0.971230 0.047408 -0.233377 -0.014854 -0.002403 0.981886 0.189460 2.042748 0.238132 -0.183448 0.953751 -0.270300 0.000000 0.000000 0.000000 1.000000
0.971267 0.048053 -0.233091 -0.014453 -0.003097 0.981873 0.189513 2.044085 0.237973 -0.183345 0.953810 -0.270584 0.000000 0.000000 0.000000 1.000000
0.971271 0.048686 -0.232943 -0.014113 -0.003781 0.981883 0.189452 2.045172 0.237946 -0.183128 0.953858 -0.270799 0.000000 0.000000 0.000000 1.000000
0.971240 0.049304 -0.232941 -0.013840 -0.004452 0.981915 0.189268 2.045987 0.238060 -0.182788 0.953895 -0.270938 0.000000 0.000000 0.000000 1.000000
0.971172 0.049904 -0.233097 -0.013639 -0.005107 0.981973 0.188954 2.046506 0.238325 -0.182316 0.953919 -0.270995 0.000000 0.000000 0.000000 1.000000
0.971065 0.050483 -0.233419 -0.013517 -0.005744 0.982057 0.188499 2.046706 0.238747 -0.181704 0.953931 -0.270965 0.000000 0.000000 0.000000 1.000000
0.970909 0.051075 -0.233940 -0.013429 -0.006402 0.982174 0.187865 2.046659 0.239365 -0.180902 0.953928 -0.270875 0.000000 0.000000 0.000000 1.000000
0.970697 0.051714 -0.234676 -0.013326 -0.007118 0.982329 0.187027 2.046458 0.240201 -0.179877 0.953912 -0.270761 0.000000 0.000000 0.000000 1.000000
0.970434 0.052394 -0.235613 -0.013210 -0.007886 0.982518 0.186003 2.046113 0.241239 -0.178646 0.953881 -0.270622 0.000000 0.000000 0.000000 1.000000
0.970121 0.053109 -0.236736 -0.013083 -0.008702 0.982736 0.184808 2.045637 0.242464 -0.177226 0.953836 -0.270463 0.000000 0.000000 0.000000 1.000000
0.969764 0.053856 -0.238030 -0.012944 -0.009560 0.982981 0.183458 2.045038 0.243859 -0.175635 0.953774 -0.270283 0.000000 0.000000 0.000000 1.000000
0.969363 0.054628 -0.239480 -0.012796 -0.010455 0.983249 0.181969 2.044329 0.245409 -0.173890 0.953696 -0.270086 0.000000 0.000000 0.000000 1.000000
0.968924 0.055420 -0.241071 -0.012639 -0.011382 0.983535 0.180358 2.043520 0.247098 -0.172009 0.953601 -0.269872 0.000000 0.000000 0.000000 1.000000
0.968448 0.056228 -0.242789 -0.012475 -0.012337 0.983837 0.178639 2.042621 0.248910 -0.170008 0.953489 -0.269645 0.000000 0.000000 0.000000 1.000000
0.967940 0.057046 -0.244619 -0.012306 -0.013313 0.984151 0.176831 2.041646 0.250829 -0.167905 0.953359 -0.269405 0.000000 0.000000 0.000000 1.000000
0.967402 0.057870 -0.246544 -0.012132 -0.014305 0.984474 0.174948 2.040602 0.252841 -0.165718 0.953210 -0.269156 0.000000 0.000000 0.000000 1.000000
0.966839 0.058694 -0.248552 -0.011954 -0.015309 0.984802 0.173006 2.039501 0.254929 -0.163464 0.953043 -0.268898 0.000000 0.000000 0.000000 1.000000
0.966253 0.059514 -0.250626 -0.011773 -0.016317 0.985132 0.171021 2.038355 0.257078 -0.161160 0.952858 -0.268634 0.000000 0.000000 0.000000 1.000000
0.965649 0.060325 -0.252751 -0.011592 -0.017326 0.985462 0.169010 2.037175 0.259272 -0.158825 0.952655 -0.268365 0.000000 0.000000 0.000000 1.000000
0.965030 0.061123 -0.254913 -0.011410 -0.018328 0.985789 0.166988 2.035971 0.261497 -0.156477 0.952436 -0.268095 0.000000 0.000000 0.000000 1.000000
0.964401 0.061904 -0.257096 -0.011229 -0.019318 0.986109 0.164971 2.034753 0.263738 -0.154132 0.952201 -0.267824 0.000000 0.000000 0.000000 1.000000
0.963766 0.062663 -0.259286 -0.011051 -0.020290 0.986422 0.162975 2.033535 0.265978 -0.151808 0.951951 -0.267554 0.000000 0.000000 0.000000 1.000000
0.963128 0.063397 -0.261467 -0.010876 -0.021238 0.986723 0.161015 2.032325 0.268204 -0.149525 0.951687 -0.267289 0.000000 0.000000 0.000000 1.000000
0.962493 0.064102 -0.263625 -0.010704 -0.022155 0.987013 0.159108 2.031136 0.270400 -0.147299 0.951413 -0.267030 0.000000 0.000000 0.000000 1.000000
0.961865 0.064773 -0.265743 -0.010539 -0.023035 0.987287 0.157268 2.029977 0.272551 -0.145149 0.951130 -0.266779 0.000000 0.000000 0.000000 1.000000
0.961250 0.065408 -0.267808 -0.010379 -0.023871 0.987545 0.155513 2.028861 0.274644 -0.143094 0.950839 -0.266537 0.000000 0.000000 0.000000 1.000000
0.960651 0.066004 -0.269803 -0.010227 -0.024657 0.987786 0.153856 2.027798 0.276663 -0.141150 0.950544 -0.266309 0.000000 0.000000 0.000000 1.000000
0.960074 0.066556 -0.271715 -0.010084 -0.025385 0.988006 0.152315 2.026800 0.278594 -0.139336 0.950248 -0.266094 0.000000 0.000000 0.000000 1.000000
0.959523 0.067062 -0.273528 -0.009949 -0.026049 0.988205 0.150904 2.025877 0.280422 -0.137671 0.949953 -0.265896 0.000000 0.000000 0.000000 1.000000
0.959005 0.067519 -0.275227 -0.009826 -0.026642 0.988382 0.149640 2.025041 0.282133 -0.136173 0.949662 -0.265717 0.000000 0.000000 0.000000 1.000000
0.958525 0.067924 -0.276797 -0.009713 -0.027157 0.988534 0.148537 2.024302 0.283713 -0.134859 0.949379 -0.265559 0.000000 0.000000 0.000000 1.000000
0.958087 0.068273 -0.278223 -0.009613 -0.027586 0.988661 0.147611 2.023672 0.285146 -0.133749 0.949106 -0.265423 0.000000 0.000000 0.000000 1.000000
0.957697 0.068564 -0.279491 -0.009526 -0.027924 0.988760 0.146878 2.023163 0.286420 -0.132861 0.948848 -0.265314 0.000000 0.000000 0.000000 1.000000
0.957361 0.068794 -0.280584 -0.009453 -0.028162 0.988831 0.146354 2.022784 0.287519 -0.132212 0.948606 -0.265231 0.000000 0.000000 0.000000 1.000000
0.957083 0.068959 -0.281489 -0.009395 -0.028293 0.988872 0.146053 2.022547 0.288428 -0.131821 0.948384 -0.265178 0.000000 0.000000 0.000000 1.000000
0.956870 0.069056 -0.282191 -0.009355 -0.028312 0.988881 0.145992 2.022463 0.289134 -0.131706 0.948185 -0.265157 0.000000 0.000000 0.000000 1.000000
0.956715 0.069078 -0.282711 -0.009330 -0.028204 0.988856 0.146176 2.022481 0.289658 -0.131875 0.948002 -0.265168 0.000000 0.000000 0.000000 1.000000
0.956608 0.069022 -0.283086 -0.009320 -0.027964 0.988802 0.146592 2.022541 0.290034 -0.132315 0.947825 -0.265209 0.000000 0.000000 0.000000 1.000000
0.956546 0.068892 -0.283327 -0.009324 -0.027602 0.988718 0.147225 2.022641 0.290273 -0.133007 0.947655 -0.265279 0.000000 0.000000 0.000000 1.000000
0.956526 0.068694 -0.283440 -0.009341 -0.027125 0.988606 0.148059 2.022776 0.290381 -0.133935 0.947491 -0.265375 0.000000 0.000000 0.000000 1.000000
0.956547 0.068432 -0.283435 -0.009371 -0.026542 0.988469 0.149081 2.022944 0.290368 -0.135080 0.947333 -0.265495 0.000000 0.000000 0.000000 1.000000
0.956604 0.068111 -0.283319 -0.009412 -0.025861 0.988306 0.150274 2.023141 0.290242 -0.136425 0.947179 -0.265638 0.000000 0.000000 0.000000 1.000000
0.956695 0.067736 -0.283102 -0.009463 -0.025093 0.988120 0.151624 2.023364 0.290009 -0.137954 0.947029 -0.265802 0.000000 0.000000 0.000000 1.000000
0.956816 0.067311 -0.282792 -0.009523 -0.024244 0.987911 0.153117 2.023610 0.289680 -0.139648 0.946881 -0.265984 0.000000 0.000000 0.000000 1.000000
0.956966 0.066841 -0.282398 -0.009593 -0.023324 0.987680 0.154737 2.023876 0.289262 -0.141491 0.946735 -0.266183 0.000000 0.000000 0.000000 1.000000
0.957140 0.066331 -0.281927 -0.009670 -0.022342 0.987430 0.156469 2.024159 0.288762 -0.143464 0.946591 -0.266396 0.000000 0.000000 0.000000 1.000000
0.957336 0.065784 -0.281389 -0.009753 -0.021305 0.987161 0.158299 2.024456 0.288190 -0.145551 0.946447 -0.266622 0.000000 0.000000 0.000000 1.000000
0.957551 0.065207 -0.280791 -0.009843 -0.020224 0.986875 0.160212 2.024762 0.287553 -0.147733 0.946302 -0.266858 0.000000 0.000000 0.000000 1.000000
0.957782 0.064604 -0.280143 -0.009938 -0.019105 0.986574 0.162194 2.025076 0.286860 -0.149994 0.946157 -0.267103 0.000000 0.000000 0.000000 1.000000
0.958026 0.063978 -0.279452 -0.010037 -0.017959 0.986259 0.164228 2.025394 0.286119 -0.152316 0.946010 -0.267355 0.000000 0.000000 0.000000 1.000000
0.958280 0.063336 -0.278727 -0.010140 -0.016793 0.985932 0.166301 2.025713 0.285339 -0.154682 0.945862 -0.267612 0.000000 0.000000 0.000000 1.000000
0.958541 0.062682 -0.277976 -0.010244 -0.015616 0.985596 0.168397 2.026030 0.284528 -0.157075 0.945712 -0.267872 0.000000 0.000000 0.000000 1.000000
0.958806 0.062021 -0.277208 -0.010351 -0.014437 0.985252 0.170502 2.026341 0.283695 -0.159476 0.945561 -0.268132 0.000000 0.000000 0.000000 1.000000
0.959073 0.061359 -0.276431 -0.010458 -0.013263 0.984903 0.172601 2.026645 0.282848 -0.161870 0.945407 -0.268392 0.000000 0.000000 0.000000 1.000000
0.959339 0.060699 -0.275652 -0.010564 -0.012103 0.984551 0.174678 2.026937 0.281997 -0.164240 0.945253 -0.268649 0.000000 0.000000 0.000000 1.000000
0.959601 0.060048 -0.274881 -0.010670 -0.010965 0.984200 0.176720 2.027216 0.281150 -0.166567 0.945098 -0.268901 0.000000 0.000000 0.000000 1.000000
0.959857 0.059411 -0.274125 -0.010773 -0.009858 0.983852 0.178711 2.027476 0.280316 -0.168834 0.944943 -0.269147 0.000000 0.000000 0.000000 1.000000
0.960104 0.058792 -0.273393 -0.010873 -0.008789 0.983511 0.180635 2.027717 0.279505 -0.171026 0.944790 -0.269384 0.000000 0.000000 0.000000 1.000000
0.960340 0.058198 -0.272692 -0.010969 -0.007766 0.983179 0.182479 2.027935 0.278725 -0.173124 0.944638 -0.269611 0.000000 0.000000 0.000000 1.000000
0.960561 0.057633 -0.272030 -0.011061 -0.006798 0.982860 0.184228 2.028126 0.277985 -0.175113 0.944489 -0.269825 0.000000 0.000000 0.000000 1.000000
0.960766 0.057104 -0.271417 -0.011146 -0.005892 0.982557 0.185866 2.028289 0.277296 -0.176975 0.944345 -0.270026 0.000000 0.000000 0.000000 1.000000
0.960953 0.056615 -0.270858 -0.011224 -0.005056 0.982275 0.187378 2.028419 0.276666 -0.178692 0.944206 -0.270211 0.000000 0.000000 0.000000 1.000000
0.961118 0.056173 -0.270364 -0.011294 -0.004298 0.982016 0.188750 2.028514 0.276104 -0.180249 0.944074 -0.270379 0.000000 0.000000 0.000000 1.000000
0.961260 0.055782 -0.269941 -0.011356 -0.003626 0.981784 0.189967 2.028572 0.275621 -0.181629 0.943951 -0.270527 0.000000 0.000000 0.000000 1.000000
0.961375 0.055448 -0.269598 -0.011408 -0.003048 0.981583 0.191013 2.028589 0.275224 -0.182814 0.943838 -0.270654 0.000000 0.000000 0.000000 1.000000
0.961462 0.055178 -0.269342 -0.011449 -0.002571 0.981416 0.191875 2.028562 0.274924 -0.183788 0.943737 -0.270758 0.000000 0.000000 0.000000 1.000000</float_array><technique_common><accessor source="#jnt_hips-Matrix-animation-output-transform-array" count="121" stride="16"><param type="float4x4"/></accessor></technique_common></source><source id="jnt_hips-Interpolations"><Name_array id="jnt_hips-Interpolations-array" count="121">
 LINEAR LINEAR LINEAR LINEAR LINEAR LINEAR LINEAR LINEAR LINEAR LINEAR LINEAR
LINEAR LINEAR LINEAR LINEAR LINEAR LINEAR LINEAR LINEAR LINEAR LINEAR LINEAR LINEAR
LINEAR LINEAR LINEAR LINEAR LINEAR LINEAR LINEAR LINEAR LINEAR LINEAR LINEAR LINEAR
LINEAR LINEAR LINEAR LINEAR LINEAR LINEAR LINEAR LINEAR LINEAR LINEAR LINEAR LINEAR
LINEAR LINEAR LINEAR LINEAR LINEAR LINEAR LINEAR LINEAR LINEAR LINEAR LINEAR LINEAR
LINEAR LINEAR LINEAR LINEAR LINEAR LINEAR LINEAR LINEAR LINEAR LINEAR LINEAR LINEAR
LINEAR LINEAR LINEAR LINEAR LINEAR LINEAR LINEAR LINEAR LINEAR LINEAR LINEAR LINEAR
LINEAR LINEAR LINEAR LINEAR LINEAR LINEAR LINEAR LINEAR LINEAR LINEAR LINEAR LINEAR
LINEAR LINEAR LINEAR LINEAR LINEAR LINEAR LINEAR LINEAR LINEAR LINEAR LINEAR LINEAR
LINEAR LINEAR LINEAR LINEAR LINEAR LINEAR LINEAR LINEAR LINEAR LINEAR LINEAR LINEAR
LINEAR LINEAR</Name_array><technique_common><accessor source="#jnt_hips-Interpolations-array" count="121"><param type="name"/></accessor></technique_common></source><sampler id="jnt_hips-Matrix-animation-transform"><input semantic="INPUT" source="#jnt_hips-Matrix-animation-input"/><input semantic="OUTPUT" source="#jnt_hips-Matrix-animation-output-transform"/><input semantic="INTERPOLATION" source="#jnt_hips-Interpolations"/></sampler><channel source="#jnt_hips-Matrix-animation-transform" target="jnt_hips/matrix"/></animation></animation>
    <animation id="jnt_right_upleg-anim" name="jnt_right_upleg"><animation><source id="jnt_right_upleg-Matrix-animation-input"><float_array id="jnt_right_upleg-Matrix-animation-input-array" count="121">

0.000000 0.033333 0.066667 0.100000 0.133333 0.166667 0.200000 0.233333 0.266667 0.300000 0.333333 0.366667 0.400000 0.433333 0.466667 0.500000
0.533333 0.566667 0.600000 0.633333 0.666667 0.700000 0.733333 0.766667 0.800000 0.833333 0.866667 0.900000 0.933333 0.966667 1.000000 1.033333
1.066667 1.100000 1.133333 1.166667 1.200000 1.233333 1.266667 1.300000 1.333333 1.366667 1.400000 1.433333 1.466667 1.500000 1.533333 1.566667
1.600000 1.633333 1.666667 1.700000 1.733333 1.766667 1.800000 1.833333 1.866667 1.900000 1.933333 1.966667 2.000000 2.033333 2.066667 2.100000
2.133333 2.166667 2.200000 2.233333 2.266667 2.300000 2.333333 2.366667 2.400000 2.433333 2.466667 2.500000 2.533333 2.566667 2.600000 2.633333
2.666667 2.700000 2.733333 2.766667 2.800000 2.833333 2.866667 2.900000 2.933333 2.966667 3.000000 3.033333 3.066667 3.100000 3.133333 3.166667
3.200000 3.233333 3.266667 3.300000 3.333333 3.366667 3.400000 3.433333 3.466667 3.500000 3.533333 3.566667 3.600000 3.633333 3.666667 3.700000
3.733333 3.766667 3.800000 3.833333 3.866667 3.900000 3.933333 3.966667 4.000000</float_array><technique_common><accessor source="#jnt_right_upleg-Matrix-animation-input-array" count="121"><param name="TIME" type="float"/></accessor></technique_common></source><source id="jnt_right_upleg-Matrix-animation-output-transform"><float_array id="jnt_right_upleg-Matrix-animation-output-transform-array" count="1936">

-0.424205 0.284027 -0.859871 -0.446780 -0.785839 0.356401 0.505406 -0.111214 0.450008 0.890116 0.072013 0.043020 0.000000 0.000000 0.000000 1.000000
-0.423195 0.283493 -0.860545 -0.446780 -0.786633 0.356315 0.504230 -0.111214 0.449570 0.890321 0.072214 0.043020 0.000000 0.000000 0.000000 1.000000
-0.420014 0.281704 -0.862688 -0.446780 -0.789095 0.356153 0.500483 -0.111214 0.448237 0.890953 0.072702 0.043020 0.000000 0.000000 0.000000 1.000000
-0.414869 0.278734 -0.866136 -0.446780 -0.793036 0.355909 0.494391 -0.111214 0.446069 0.891984 0.073390 0.043020 0.000000 0.000000 0.000000 1.000000
-0.407986 0.274642 -0.870700 -0.446779 -0.798243 0.355566 0.486190 -0.111214 0.443119 0.893390 0.074165 0.043020 0.000000 0.000000 0.000000 1.000000
-0.399600 0.269481 -0.876185 -0.446780 -0.804498 0.355095 0.476120 -0.111214 0.439434 0.895147 0.074901 0.043020 0.000000 0.000000 0.000000 1.000000
-0.389955 0.263304 -0.882387 -0.446780 -0.811579 0.354459 0.464433 -0.111214 0.435057 0.897235 0.075469 0.043020 0.000000 0.000000 0.000000 1.000000
-0.379293 0.256159 -0.889111 -0.446780 -0.819277 0.353613 0.451380 -0.111214 0.430026 0.899634 0.075742 0.043020 0.000000 0.000000 0.000000 1.000000
-0.367855 0.248107 -0.896173 -0.446780 -0.827395 0.352506 0.437215 -0.111214 0.424383 0.902321 0.075611 0.043020 0.000000 0.000000 0.000000 1.000000
-0.355870 0.239211 -0.903402 -0.446780 -0.835759 0.351090 0.422189 -0.111214 0.418168 0.905270 0.074980 0.043020 0.000000 0.000000 0.000000 1.000000
-0.343552 0.229551 -0.910647 -0.446780 -0.844215 0.349317 0.406543 -0.111214 0.411427 0.908451 0.073782 0.043020 0.000000 0.000000 0.000000 1.000000
-0.331095 0.219215 -0.917780 -0.446779 -0.852638 0.347144 0.390511 -0.111214 0.404208 0.911831 0.071974 0.043020 0.000000 0.000000 0.000000 1.000000
-0.318668 0.208311 -0.924693 -0.446780 -0.860920 0.344543 0.374308 -0.111214 0.396569 0.915367 0.069544 0.043020 0.000000 0.000000 0.000000 1.000000
-0.306418 0.196961 -0.931297 -0.446779 -0.868977 0.341494 0.358136 -0.111214 0.388571 0.919015 0.066515 0.043020 0.000000 0.000000 0.000000 1.000000
-0.294458 0.185303 -0.937527 -0.446780 -0.876738 0.338005 0.342173 -0.111214 0.380295 0.922722 0.062934 0.043020 0.000000 0.000000 0.000000 1.000000
-0.282879 0.173494 -0.943334 -0.446779 -0.884150 0.334105 0.326579 -0.111214 0.371832 0.926431 0.058883 0.043020 0.000000 0.000000 0.000000 1.000000
-0.271747 0.161705 -0.948686 -0.446780 -0.891165 0.329844 0.311493 -0.111214 0.363288 0.930083 0.054471 0.043020 0.000000 0.000000 0.000000 1.000000
-0.261106 0.150122 -0.953565 -0.446779 -0.897746 0.325305 0.297035 -0.111214 0.354791 0.933617 0.049832 0.043020 0.000000 0.000000 0.000000 1.000000
-0.250982 0.138943 -0.957968 -0.446780 -0.903855 0.320601 0.283304 -0.111214 0.346489 0.936968 0.045119 0.043020 0.000000 0.000000 0.000000 1.000000
-0.241392 0.128376 -0.961899 -0.446780 -0.909460 0.315867 0.270389 -0.111214 0.338544 0.940078 0.040505 0.043020 0.000000 0.000000 0.000000 1.000000
-0.232345 0.118633 -0.965371 -0.446780 -0.914529 0.311268 0.258359 -0.111214 0.331140 0.942888 0.036172 0.043020 0.000000 0.000000 0.000000 1.000000
-0.222580 0.108597 -0.968847 -0.446779 -0.919641 0.306476 0.245628 -0.111214 0.323603 0.945663 0.031655 0.043020 0.000000 0.000000 0.000000 1.000000
-0.211267 0.097359 -0.972568 -0.446780 -0.925187 0.301027 0.231109 -0.111214 0.315269 0.948633 0.026478 0.043020 0.000000 0.000000 0.000000 1.000000
-0.199036 0.085458 -0.976259 -0.446780 -0.930867 0.294962 0.215601 -0.111214 0.306384 0.951680 0.020842 0.043020 0.000000 0.000000 0.000000 1.000000
-0.186498 0.073439 -0.979707 -0.446780 -0.936414 0.288406 0.199876 -0.111214 0.297232 0.954688 0.014982 0.043020 0.000000 0.000000 0.000000 1.000000
-0.174255 0.061849 -0.982756 -0.446780 -0.941594 0.281594 0.184678 -0.111214 0.288160 0.957538 0.009167 0.043020 0.000000 0.000000 0.000000 1.000000
-0.162894 0.051220 -0.985313 -0.446780 -0.946204 0.274869 0.170718 -0.111214 0.279576 0.960116 0.003690 0.043020 0.000000 0.000000 0.000000 1.000000
-0.153003 0.042073 -0.987330 -0.446780 -0.950072 0.268670 0.158679 -0.111214 0.271942 0.962313 -0.001135 0.043020 0.000000 0.000000 0.000000 1.000000
-0.145170 0.034907 -0.988791 -0.446780 -0.953044 0.263513 0.149225 -0.111214 0.265768 0.964024 -0.004986 0.043020 0.000000 0.000000 0.000000 1.000000
-0.139989 0.030210 -0.989692 -0.446780 -0.954975 0.259942 0.143013 -0.111214 0.261583 0.965152 -0.007539 0.043020 0.000000 0.000000 0.000000 1.000000
-0.138061 0.028460 -0.990015 -0.446779 -0.955716 0.258471 0.140708 -0.111214 0.259894 0.965600 -0.008486 0.043020 0.000000 0.000000 0.000000 1.000000
-0.141342 0.031158 -0.989470 -0.446780 -0.954857 0.259515 0.144570 -0.111214 0.261286 0.965236 -0.006929 0.043020 0.000000 0.000000 0.000000 1.000000
-0.150513 0.038834 -0.987845 -0.446779 -0.952280 0.262692 0.155421 -0.111214 0.265534 0.964098 -0.002558 0.043020 0.000000 0.000000 0.000000 1.000000
-0.164276 0.050516 -0.985120 -0.446780 -0.948226 0.267106 0.171820 -0.111214 0.271811 0.962342 0.004021 0.043020 0.000000 0.000000 0.000000 1.000000
-0.181345 0.065200 -0.981256 -0.446779 -0.942929 0.271840 0.192324 -0.111214 0.279284 0.960131 0.012182 0.043020 0.000000 0.000000 0.000000 1.000000
-0.200455 0.081818 -0.976281 -0.446779 -0.936658 0.276131 0.215461 -0.111214 0.287210 0.957631 0.021284 0.043020 0.000000 0.000000 0.000000 1.000000
-0.220368 0.099252 -0.970354 -0.446780 -0.929738 0.279492 0.239732 -0.111214 0.295000 0.955004 0.030687 0.043020 0.000000 0.000000 0.000000 1.000000
-0.239873 0.116375 -0.963804 -0.446779 -0.922552 0.281774 0.263629 -0.111214 0.302255 0.952397 0.039772 0.043020 0.000000 0.000000 0.000000 1.000000
-0.257772 0.132101 -0.957133 -0.446780 -0.915543 0.283165 0.285654 -0.111214 0.308762 0.949930 0.047952 0.043020 0.000000 0.000000 0.000000 1.000000
-0.272874 0.145433 -0.950994 -0.446779 -0.909202 0.284133 0.304334 -0.111214 0.314469 0.947691 0.054696 0.043020 0.000000 0.000000 0.000000 1.000000
-0.283958 0.155471 -0.946148 -0.446780 -0.904067 0.285314 0.318212 -0.111214 0.319423 0.945740 0.059539 0.043020 0.000000 0.000000 0.000000 1.000000
-0.292592 0.163677 -0.942125 -0.446780 -0.899552 0.287065 0.329242 -0.111214 0.324341 0.943824 0.063243 0.043020 0.000000 0.000000 0.000000 1.000000
-0.301202 0.171989 -0.937922 -0.446780 -0.894711 0.289219 0.340360 -0.111214 0.329804 0.941686 0.066767 0.043020 0.000000 0.000000 0.000000 1.000000
-0.309834 0.180281 -0.933542 -0.446780 -0.889569 0.291666 0.351565 -0.111215 0.335663 0.939377 0.070004 0.043020 0.000000 0.000000 0.000000 1.000000
-0.318522 0.188437 -0.928997 -0.446780 -0.884155 0.294302 0.362844 -0.111214 0.341779 0.936951 0.072866 0.043020 0.000000 0.000000 0.000000 1.000000
-0.327287 0.196357 -0.924298 -0.446780 -0.878499 0.297042 0.374173 -0.111214 0.348027 0.934457 0.075282 0.043020 0.000000 0.000000 0.000000 1.000000
-0.336134 0.203955 -0.919465 -0.446780 -0.872634 0.299811 0.385518 -0.111214 0.354294 0.931942 0.077201 0.043020 0.000000 0.000000 0.000000 1.000000
-0.345050 0.211161 -0.914523 -0.446780 -0.866597 0.302553 0.396827 -0.111214 0.360486 0.929448 0.078596 0.043020 0.000000 0.000000 0.000000 1.000000
-0.354003 0.217919 -0.909502 -0.446780 -0.860435 0.305219 0.408036 -0.111214 0.366516 0.927013 0.079457 0.043020 0.000000 0.000000 0.000000 1.000000
-0.362936 0.224187 -0.904443 -0.446780 -0.854200 0.307779 0.419065 -0.111214 0.372317 0.924669 0.079797 0.043020 0.000000 0.000000 0.000000 1.000000
-0.371773 0.229940 -0.899395 -0.446780 -0.847955 0.310209 0.429818 -0.111214 0.377833 0.922441 0.079651 0.043020 0.000000 0.000000 0.000000 1.000000
-0.380414 0.235156 -0.894420 -0.446780 -0.841776 0.312494 0.440183 -0.111214 0.383012 0.920353 0.079072 0.043020 0.000000 0.000000 0.000000 1.000000
-0.388739 0.239830 -0.889586 -0.446779 -0.835749 0.314628 0.450036 -0.111214 0.387821 0.918418 0.078129 0.043020 0.000000 0.000000 0.000000 1.000000
-0.396609 0.243956 -0.884978 -0.446780 -0.829974 0.316613 0.459237 -0.111214 0.392229 0.916647 0.076906 0.043020 0.000000 0.000000 0.000000 1.000000
-0.403871 0.247536 -0.880689 -0.446780 -0.824564 0.318446 0.467639 -0.111214 0.396209 0.915051 0.075498 0.043020 0.000000 0.000000 0.000000 1.000000
-0.410359 0.250573 -0.876823 -0.446780 -0.819641 0.320133 0.475083 -0.111214 0.399743 0.913635 0.074011 0.043020 0.000000 0.000000 0.000000 1.000000
-0.415901 0.253070 -0.873488 -0.446779 -0.815333 0.321678 0.481409 -0.111214 0.402812 0.912403 0.072551 0.043020 0.000000 0.000000 0.000000 1.000000
-0.420323 0.255025 -0.870799 -0.446780 -0.811777 0.323083 0.486453 -0.111214 0.405398 0.911362 0.071224 0.043020 0.000000 0.000000 0.000000 1.000000
-0.423458 0.256431 -0.868865 -0.446780 -0.809103 0.324342 0.490056 -0.111214 0.407475 0.910519 0.070134 0.043020 0.000000 0.000000 0.000000 1.000000
-0.425147 0.257279 -0.867789 -0.446779 -0.807436 0.325450 0.492066 -0.111214 0.409020 0.909885 0.069372 0.043020 0.000000 0.000000 0.000000 1.000000
-0.425248 0.257544 -0.867661 -0.446780 -0.806889 0.326387 0.492343 -0.111214 0.409993 0.909474 0.069014 0.043020 0.000000 0.000000 0.000000 1.000000
-0.422959 0.255604 -0.869352 -0.446780 -0.807794 0.328344 0.489549 -0.111214 0.410577 0.909317 0.067599 0.043020 0.000000 0.000000 0.000000 1.000000
-0.417774 0.250067 -0.873460 -0.446780 -0.810283 0.332328 0.482700 -0.111214 0.410983 0.909409 0.063787 0.043020 0.000000 0.000000 0.000000 1.000000
-0.410049 0.241215 -0.879588 -0.446780 -0.814116 0.337978 0.472214 -0.111214 0.411186 0.909718 0.057790 0.043020 0.000000 0.000000 0.000000 1.000000
-0.400168 0.229297 -0.887293 -0.446780 -0.819033 0.344895 0.458512 -0.111215 0.411158 0.910204 0.049786 0.043020 0.000000 0.000000 0.000000 1.000000
-0.388526 0.214552 -0.896111 -0.446780 -0.824775 0.352642 0.442029 -0.111214 0.410844 0.910830 0.039946 0.043020 0.000000 0.000000 0.000000 1.000000
-0.375523 0.197225 -0.905585 -0.446780 -0.831098 0.360789 0.423210 -0.111214 0.410193 0.911555 0.028428 0.043020 0.000000 0.000000 0.000000 1.000000
-0.361550 0.177591 -0.915283 -0.446779 -0.837782 0.368919 0.402517 -0.111214 0.409149 0.912338 0.015400 0.043020 0.000000 0.000000 0.000000 1.000000
-0.346983 0.155959 -0.924813 -0.446780 -0.844641 0.376647 0.380420 -0.111214 0.407658 0.913134 0.001039 0.043020 0.000000 0.000000 0.000000 1.000000
-0.332174 0.132682 -0.933839 -0.446779 -0.851523 0.383632 0.357401 -0.111214 0.405671 0.913905 -0.014450 0.043020 0.000000 0.000000 0.000000 1.000000
-0.317440 0.108164 -0.942089 -0.446780 -0.858313 0.389593 0.333942 -0.111214 0.403152 0.914614 -0.030833 0.043020 0.000000 0.000000 0.000000 1.000000
-0.303067 0.082861 -0.949360 -0.446780 -0.864921 0.394315 0.310528 -0.111214 0.400078 0.915232 -0.047836 0.043020 0.000000 0.000000 0.000000 1.000000
-0.289303 0.057273 -0.955523 -0.446780 -0.871283 0.397659 0.287633 -0.111214 0.396446 0.915744 -0.065143 0.043020 0.000000 0.000000 0.000000 1.000000
-0.276363 0.031948 -0.960522 -0.446780 -0.877350 0.399560 0.265723 -0.111214 0.392276 0.916150 -0.082394 0.043020 0.000000 0.000000 0.000000 1.000000
-0.264434 0.007469 -0.964375 -0.446779 -0.883081 0.400030 0.245241 -0.111214 0.387611 0.916472 -0.099186 0.043020 0.000000 0.000000 0.000000 1.000000
-0.253678 -0.015552 -0.967164 -0.446780 -0.888437 0.399160 0.226610 -0.111214 0.382529 0.916750 -0.115075 0.043020 0.000000 0.000000 0.000000 1.000000
-0.244243 -0.036479 -0.969028 -0.446779 -0.893374 0.397100 0.210225 -0.111214 0.377132 0.917050 -0.129578 0.043020 0.000000 0.000000 0.000000 1.000000
-0.236262 -0.054669 -0.970150 -0.446780 -0.897842 0.394066 0.196447 -0.111215 0.371564 0.917455 -0.142187 0.043020 0.000000 0.000000 0.000000 1.000000
-0.229868 -0.069473 -0.970739 -0.446780 -0.901781 0.390310 0.185605 -0.111214 0.365995 0.918058 -0.152370 0.043020 0.000000 0.000000 0.000000 1.000000
-0.225189 -0.080247 -0.971005 -0.446779 -0.905115 0.386112 0.177998 -0.111214 0.360633 0.918955 -0.159581 0.043020 0.000000 0.000000 0.000000 1.000000
-0.222354 -0.086355 -0.971134 -0.446780 -0.907760 0.381747 0.173898 -0.111214 0.355711 0.920224 -0.163272 0.043020 0.000000 0.000000 0.000000 1.000000
-0.220700 -0.081629 -0.971920 -0.446780 -0.910074 0.375636 0.175108 -0.111214 0.350794 0.923166 -0.157191 0.043020 0.000000 0.000000 0.000000 1.000000
-0.219556 -0.062523 -0.973594 -0.446780 -0.912406 0.366484 0.182222 -0.111214 0.345414 0.928321 -0.137510 0.043020 0.000000 0.000000 0.000000 1.000000
-0.219068 -0.032369 -0.975173 -0.446779 -0.914638 0.354853 0.193691 -0.111214 0.339773 0.934362 -0.107343 0.043020 0.000000 0.000000 0.000000 1.000000
-0.219356 0.005415 -0.975630 -0.446780 -0.916661 0.341281 0.207992 -0.111214 0.334091 0.939946 -0.069898 0.043020 0.000000 0.000000 0.000000 1.000000
-0.220450 0.047291 -0.974251 -0.446780 -0.918379 0.326434 0.223653 -0.111214 0.328605 0.944036 -0.028532 0.043020 0.000000 0.000000 0.000000 1.000000
-0.222243 0.089619 -0.970864 -0.446779 -0.919730 0.311207 0.239265 -0.111214 0.323582 0.946107 0.013262 0.043020 0.000000 0.000000 0.000000 1.000000
-0.224462 0.128735 -0.965942 -0.446780 -0.920689 0.296769 0.253497 -0.111214 0.319295 0.946232 0.051911 0.043020 0.000000 0.000000 0.000000 1.000000
-0.226685 0.161023 -0.960565 -0.446780 -0.921275 0.284548 0.265113 -0.111214 0.316016 0.945042 0.083844 0.043020 0.000000 0.000000 0.000000 1.000000
-0.228389 0.182967 -0.956223 -0.446780 -0.921541 0.276157 0.272946 -0.111214 0.314008 0.943536 0.105540 0.043020 0.000000 0.000000 0.000000 1.000000
-0.229049 0.191114 -0.954469 -0.446780 -0.921545 0.273234 0.275858 -0.111214 0.313514 0.942772 0.113537 0.043020 0.000000 0.000000 0.000000 1.000000
-0.230702 0.183222 -0.955618 -0.446780 -0.920521 0.277154 0.275368 -0.111214 0.315307 0.943194 0.104720 0.043020 0.000000 0.000000 0.000000 1.000000
-0.235383 0.161700 -0.958357 -0.446779 -0.917824 0.287354 0.273912 -0.111214 0.319679 0.944077 0.080774 0.043020 0.000000 0.000000 0.000000 1.000000
-0.242747 0.130122 -0.961323 -0.446780 -0.913643 0.302434 0.271644 -0.111214 0.326084 0.944247 0.045470 0.043020 0.000000 0.000000 0.000000 1.000000
-0.252455 0.092142 -0.963211 -0.446779 -0.908151 0.321005 0.268732 -0.111214 0.333957 0.942585 0.002640 0.043020 0.000000 0.000000 0.000000 1.000000
-0.264051 0.051452 -0.963135 -0.446780 -0.901560 0.341672 0.265422 -0.111214 0.342733 0.938410 -0.043831 0.043020 0.000000 0.000000 0.000000 1.000000
-0.276874 0.011690 -0.960835 -0.446780 -0.894156 0.363044 0.262077 -0.111215 0.351889 0.931699 -0.090065 0.043020 0.000000 0.000000 0.000000 1.000000
-0.290048 -0.023678 -0.956719 -0.446779 -0.886336 0.383689 0.259214 -0.111214 0.360945 0.923159 -0.132275 0.043020 0.000000 0.000000 0.000000 1.000000
-0.302497 -0.051438 -0.951761 -0.446780 -0.878617 0.402141 0.257516 -0.111214 0.369496 0.914132 -0.166841 0.043020 0.000000 0.000000 0.000000 1.000000
-0.313012 -0.068643 -0.947265 -0.446780 -0.871632 0.416883 0.257810 -0.111214 0.377202 0.906365 -0.190321 0.043020 0.000000 0.000000 0.000000 1.000000
-0.320302 -0.072521 -0.944535 -0.446780 -0.866097 0.426348 0.260968 -0.111214 0.383775 0.901648 -0.199370 0.043020 0.000000 0.000000 0.000000 1.000000
-0.325688 -0.066305 -0.943150 -0.446779 -0.861345 0.432163 0.267057 -0.111214 0.389887 0.899355 -0.197861 0.043020 0.000000 0.000000 0.000000 1.000000
-0.331325 -0.055486 -0.941884 -0.446780 -0.856277 0.436926 0.275472 -0.111214 0.396249 0.897785 -0.192276 0.043020 0.000000 0.000000 0.000000 1.000000
-0.337171 -0.040690 -0.940564 -0.446779 -0.850982 0.440491 0.286002 -0.111214 0.402672 0.896834 -0.183147 0.043020 0.000000 0.000000 0.000000 1.000000
-0.343185 -0.022533 -0.938998 -0.446779 -0.845544 0.442730 0.298405 -0.111214 0.408998 0.896372 -0.170991 0.043020 0.000000 0.000000 0.000000 1.000000
-0.349330 -0.001624 -0.936998 -0.446780 -0.840042 0.443538 0.312415 -0.111214 0.415087 0.896254 -0.156306 0.043020 0.000000 0.000000 0.000000 1.000000
-0.355574 0.021443 -0.934402 -0.446780 -0.834545 0.442856 0.327738 -0.111214 0.420834 0.896336 -0.139573 0.043020 0.000000 0.000000 0.000000 1.000000
-0.361888 0.046080 -0.931082 -0.446780 -0.829118 0.440660 0.344066 -0.111214 0.426145 0.896491 -0.121264 0.043020 0.000000 0.000000 0.000000 1.000000
-0.368237 0.071722 -0.926962 -0.446780 -0.823816 0.436981 0.361073 -0.111214 0.430962 0.896606 -0.101827 0.043020 0.000000 0.000000 0.000000 1.000000
-0.374585 0.097820 -0.922018 -0.446779 -0.818685 0.431911 0.378428 -0.111214 0.435248 0.896596 -0.081704 0.043020 0.000000 0.000000 0.000000 1.000000
-0.380892 0.123849 -0.916287 -0.446780 -0.813771 0.425582 0.395800 -0.111214 0.438974 0.896405 -0.061316 0.043020 0.000000 0.000000 0.000000 1.000000
