<?xml version="1.0" encoding="utf-8"?>
<COLLADA xmlns="http://www.collada.org/2005/11/COLLADASchema" version="1.4.1">
  <asset><contributor><author></author><authoring_tool>FBX COLLADA exporter</authoring_tool><comments></comments></contributor><created>2018-04-19T15:32:20Z</created><keywords></keywords><modified>2018-04-19T15:32:20Z</modified><revision></revision><subject></subject><title></title><unit meter="0.010000" name="centimeter"></unit><up_axis>Y_UP</up_axis></asset>
  <library_animations>
    <animation id="jnt_hips-anim" name="jnt_hips"><animation><source id="jnt_hips-Matrix-animation-input"><float_array id="jnt_hips-Matrix-animation-input-array" count="21">

0.000000 0.033333 0.066667 0.100000 0.133333 0.166667 0.200000 0.233333 0.266667 0.300000 0.333333 0.366667 0.400000 0.433333 0.466667 0.500000
0.533333 0.566667 0.600000 0.633333 0.666667</float_array><technique_common><accessor source="#jnt_hips-Matrix-animation-input-array" count="21"><param name="TIME" type="float"/></accessor></technique_common></source><source id="jnt_hips-Matrix-animation-output-transform"><float_array id="jnt_hips-Matrix-animation-output-transform-array" count="336">

0.961460 -0.010974 -0.274724 0.005653 -0.002571 0.998800 -0.048898 1.940700 0.274931 0.047720 0.960279 -0.246250 0.000000 0.000000 0.000000 1.000000
0.962402 -0.011510 -0.271384 0.005914 0.003194 0.999512 -0.031066 1.926661 0.271609 0.029031 0.961970 -0.248680 0.000000 0.000000 0.000000 1.000000
0.963998 -0.012207 -0.265630 0.006806 0.010926 0.999920 -0.006299 1.892266 0.265686 0.003170 0.964054 -0.252377 0.000000 0.000000 0.000000 1.000000
0.965679 -0.013297 -0.259397 0.008123 0.019961 0.999534 0.023074 1.847570 0.258969 -0.027460 0.965495 -0.256870 0.000000 0.000000 0.000000 1.000000
0.966922 -0.014884 -0.254638 0.009675 0.029759 0.998061 0.054661 1.802659 0.253331 -0.060431 0.965490 -0.261697 0.000000 0.000000 0.000000 1.000000
0.967236 -0.016909 -0.253317 0.011287 0.039932 0.995493 0.086023 1.767649 0.250720 -0.093320 0.963551 -0.266409 0.000000 0.000000 0.000000 1.000000
0.966120 -0.019170 -0.257380 0.012804 0.050240 0.992130 0.114689 1.752691 0.253155 -0.123734 0.959480 -0.270574 0.000000 0.000000 0.000000 1.000000
0.963527 -0.021327 -0.266760 0.014451 0.060196 0.988546 0.138395 1.758472 0.260753 -0.149405 0.953775 -0.274074 0.000000 0.000000 0.000000 1.000000
0.959414 -0.023561 -0.281017 0.016461 0.071972 0.983961 0.163220 1.775461 0.272664 -0.176820 0.945721 -0.277765 0.000000 0.000000 0.000000 1.000000
0.954124 -0.025485 -0.298324 0.018657 0.084882 0.978516 0.187885 1.799182 0.287126 -0.204588 0.935790 -0.281426 0.000000 0.000000 0.000000 1.000000
0.948094 -0.026853 -0.316854 0.020845 0.098126 0.972506 0.211194 1.825172 0.302471 -0.231323 0.924663 -0.284847 0.000000 0.000000 0.000000 1.000000
0.941884 -0.027578 -0.334805 0.022814 0.110784 0.966372 0.232060 1.848980 0.317147 -0.255665 0.913265 -0.287832 0.000000 0.000000 0.000000 1.000000
0.936183 -0.027718 -0.350420 0.024342 0.121838 0.960676 0.249512 1.866163 0.329724 -0.276283 0.902746 -0.290195 0.000000 0.000000 0.000000 1.000000
0.931781 -0.027440 -0.361983 0.025192 0.130200 0.956060 0.262674 1.872283 0.338870 -0.291885 0.894411 -0.291765 0.000000 0.000000 0.000000 1.000000
0.914734 -0.022019 -0.403457 0.027579 0.151044 0.944757 0.290894 1.843810 0.374763 -0.327031 0.867527 -0.294518 0.000000 0.000000 0.000000 1.000000
0.922887 -0.022700 -0.384402 0.026683 0.136964 0.952331 0.272593 1.790149 0.359890 -0.304221 0.882003 -0.292604 0.000000 0.000000 0.000000 1.000000
0.944680 -0.027328 -0.326852 0.023693 0.109623 0.965523 0.236110 1.721504 0.309131 -0.258879 0.915107 -0.288986 0.000000 0.000000 0.000000 1.000000
0.970923 -0.029041 -0.237624 0.019665 0.072801 0.981421 0.177519 1.639574 0.228054 -0.189657 0.954998 -0.283004 0.000000 0.000000 0.000000 1.000000
0.990454 -0.023262 -0.135867 0.015931 0.038089 0.993468 0.107570 1.560670 0.132478 -0.111718 0.984870 -0.275622 0.000000 0.000000 0.000000 1.000000
0.999011 -0.011062 -0.043063 0.013296 0.012826 0.999080 0.040912 1.501375 0.042571 -0.041424 0.998234 -0.268379 0.000000 0.000000 0.000000 1.000000
0.999810 0.000913 0.019459 0.011939 -0.000804 0.999984 -0.005587 1.478657 -0.019464 0.005571 0.999795 -0.263220 0.000000 0.000000 0.000000 1.000000</float_array><technique_common><accessor source="#jnt_hips-Matrix-animation-output-transform-array" count="21" stride="16"><param type="float4x4"/></accessor></technique_common></source><source id="jnt_hips-Interpolations"><Name_array id="jnt_hips-Interpolations-array" count="21">
 LINEAR LINEAR LINEAR LINEAR LINEAR LINEAR LINEAR LINEAR LINEAR LINEAR LINEAR
LINEAR LINEAR LINEAR LINEAR LINEAR LINEAR LINEAR LINEAR LINEAR LINEAR</Name_array><technique_common><accessor source="#jnt_hips-Interpolations-array" count="21"><param type="name"/></accessor></technique_common></source><sampler id="jnt_hips-Matrix-animation-transform"><input semantic="INPUT" source="#jnt_hips-Matrix-animation-input"/><input semantic="OUTPUT" source="#jnt_hips-Matrix-animation-output-transform"/><input semantic="INTERPOLATION" source="#jnt_hips-Interpolations"/></sampler><channel source="#jnt_hips-Matrix-animation-transform" target="jnt_hips/matrix"/></animation></animation>
    <animation id="jnt_right_upleg-anim" name="jnt_right_upleg"><animation><source id="jnt_right_upleg-Matrix-animation-input"><float_array id="jnt_right_upleg-Matrix-animation-input-array" count="21">

0.000000 0.033333 0.066667 0.100000 0.133333 0.166667 0.200000 0.233333 0.266667 0.300000 0.333333 0.366667 0.400000 0.433333 0.466667 0.500000
0.533333 0.566667 0.600000 0.633333 0.666667</float_array><technique_common><accessor source="#jnt_right_upleg-Matrix-animation-input-array" count="21"><param name="TIME" type="float"/></accessor></technique_common></source><source id="jnt_right_upleg-Matrix-animation-output-transform"><float_array id="jnt_right_upleg-Matrix-animation-output-transform-array" count="336">

-0.156099 -0.161750 -0.974408 -0.446780 -0.987701 0.034534 0.152496 -0.111215 0.008984 0.986227 -0.165151 0.043020 0.000000 0.000000 0.000000 1.000000
-0.174443 -0.145013 -0.973931 -0.446780 -0.983730 0.068807 0.165953 -0.111214 0.042948 0.987034 -0.154656 0.043020 0.000000 0.000000 0.000000 1.000000
-0.206708 -0.107593 -0.972469 -0.446780 -0.972671 0.130025 0.192365 -0.111214 0.105748 0.985656 -0.131530 0.043020 0.000000 0.000000 0.000000 1.000000
-0.245461 -0.065956 -0.967160 -0.446779 -0.957338 0.173427 0.231141 -0.111214 0.152486 0.982636 -0.105712 0.043020 0.000000 0.000000 0.000000 1.000000
-0.292915 -0.031119 -0.955632 -0.446780 -0.940393 0.190013 0.282056 -0.111214 0.172805 0.981288 -0.084922 0.043020 0.000000 0.000000 0.000000 1.000000
-0.349756 -0.008664 -0.936801 -0.446780 -0.921716 0.182141 0.342439 -0.111214 0.167663 0.983234 -0.071691 0.043020 0.000000 0.000000 0.000000 1.000000
-0.408960 -0.000017 -0.912552 -0.446779 -0.901277 0.156717 0.403904 -0.111214 0.143006 0.987644 -0.064106 0.043020 0.000000 0.000000 0.000000 1.000000
-0.458242 -0.002660 -0.888823 -0.446780 -0.882273 0.122576 0.454499 -0.111214 0.107740 0.992456 -0.058516 0.043020 0.000000 0.000000 0.000000 1.000000
-0.490998 -0.011681 -0.871082 -0.446780 -0.868921 0.078222 0.488731 -0.111214 0.062429 0.996868 -0.048557 0.043020 0.000000 0.000000 0.000000 1.000000
-0.500674 -0.032282 -0.865034 -0.446780 -0.865626 0.013873 0.500499 -0.111214 -0.004157 0.999383 -0.034890 0.043020 0.000000 0.000000 0.000000 1.000000
-0.492912 -0.067784 -0.867435 -0.446780 -0.864408 -0.075494 0.497092 -0.111215 -0.099181 0.994840 -0.021381 0.043020 0.000000 0.000000 0.000000 1.000000
-0.474966 -0.114093 -0.872577 -0.446780 -0.852768 -0.185108 0.488387 -0.111214 -0.217242 0.976073 -0.009375 0.043020 0.000000 0.000000 0.000000 1.000000
-0.450608 -0.168908 -0.876597 -0.446780 -0.820491 -0.308573 0.481225 -0.111214 -0.351777 0.936084 0.000458 0.043020 0.000000 0.000000 0.000000 1.000000
-0.420741 -0.232687 -0.876831 -0.446780 -0.761216 -0.435224 0.480761 -0.111214 -0.493485 0.869734 0.005992 0.043020 0.000000 0.000000 0.000000 1.000000
-0.442773 -0.244243 -0.862727 -0.446780 -0.720724 -0.475440 0.504493 -0.111215 -0.533394 0.845164 0.034480 0.043020 0.000000 0.000000 0.000000 1.000000
-0.432071 -0.221228 -0.874284 -0.446780 -0.752040 -0.446674 0.484684 -0.111214 -0.497746 0.866914 0.026623 0.043020 0.000000 0.000000 0.000000 1.000000
-0.403545 -0.200628 -0.892693 -0.446780 -0.801237 -0.393603 0.450662 -0.111214 -0.441782 0.897121 -0.001914 0.043020 0.000000 0.000000 0.000000 1.000000
-0.344570 -0.199329 -0.917355 -0.446780 -0.848215 -0.352611 0.395218 -0.111214 -0.402247 0.914294 -0.047574 0.043020 0.000000 0.000000 0.000000 1.000000
-0.272379 -0.214792 -0.937910 -0.446780 -0.886632 -0.322611 0.331369 -0.111214 -0.373755 0.921839 -0.102569 0.043020 0.000000 0.000000 0.000000 1.000000
-0.204242 -0.239444 -0.949185 -0.446780 -0.912608 -0.304228 0.273116 -0.111214 -0.354165 0.922015 -0.156383 0.043020 0.000000 0.000000 0.000000 1.000000
-0.154630 -0.261470 -0.952745 -0.446780 -0.925030 -0.300386 0.232569 -0.111215 -0.347001 0.917280 -0.195419 0.043020 0.000000 0.000000 0.000000 1.000000</float_array><technique_common><accessor source="#jnt_right_upleg-Matrix-animation-output-transform-array" count="21" stride="16"><param type="float4x4"/></accessor></technique_common></source><source id="jnt_right_upleg-Interpolations"><Name_array id="jnt_right_upleg-Interpolations-array" count="21">
 LINEAR LINEAR LINEAR LINEAR LINEAR LINEAR LINEAR LINEAR LINEAR LINEAR LINEAR
LINEAR LINEAR LINEAR LINEAR LINEAR LINEAR LINEAR LINEAR LINEAR LINEAR</Name_array><technique_common><accessor source="#jnt_right_upleg-Interpolations-array" count="21"><param type="name"/></accessor></technique_common></source><sampler id="jnt_right_upleg-Matrix-animation-transform"><input semantic="INPUT" source="#jnt_right_upleg-Matrix-animation-input"/><input semantic="OUTPUT" source="#jnt_right_upleg-Matrix-animation-output-transform"/><input semantic="INTERPOLATION" source="#jnt_right_upleg-Interpolations"/></sampler><channel source="#jnt_right_upleg-Matrix-animation-transform" target="jnt_right_upleg/matrix"/></animation></animation>
    <animation id="jnt_right_uplegroll-anim" name="jnt_right_uplegroll"><animation><source id="jnt_right_uplegroll-Matrix-animation-input"><float_array id="jnt_right_uplegroll-Matrix-animation-input-array" count="21">

0.000000 0.033333 0.066667 0.100000 0.133333 0.166667 0.200000 0.233333 0.266667 0.300000 0.333333 0.366667 0.400000 0.433333 0.466667 0.500000
0.533333 0.566667 0.600000 0.633333 0.666667</float_array><technique_common><accessor source="#jnt_right_uplegroll-Matrix-animation-input-array" count="21"><param name="TIME" type="float"/></accessor></technique_common></source><source id="jnt_right_uplegroll-Matrix-animation-output-transform"><float_array id="jnt_right_uplegroll-Matrix-animation-output-transform-array" count="336">

1.000000 0.000000 0.000000 0.430000 -0.000000 1.000000 -0.000000 0.000000 -0.000000 0.000000 1.000000 0.000000 0.000000 0.000000 0.000000 1.000000
1.000000 0.000000 0.000000 0.430001 -0.000000 1.000000 0.000000 0.000000 -0.000000 0.000000 1.000000 -0.000000 0.000000 0.000000 0.000000 1.000000
1.000000 0.000000 0.000000 0.430000 0.000000 1.000000 0.000000 0.000000 -0.000000 0.000000 1.000000 0.000000 0.000000 0.000000 0.000000 1.000000
1.000000 0.000000 0.000000 0.430000 -0.000000 1.000000 -0.000000 0.000000 -0.000000 -0.000000 1.000000 0.000000 0.000000 0.000000 0.000000 1.000000
1.000000 -0.000000 -0.000000 0.430000 -0.000000 1.000000 -0.000000 -0.000000 -0.000000 -0.000000 1.000000 -0.000000 0.000000 0.000000 0.000000 1.000000
1.000000 0.000000 0.000000 0.430001 -0.000000 1.000000 -0.000000 -0.000000 -0.000000 0.000000 1.000000 -0.000000 0.000000 0.000000 0.000000 1.000000
1.000000 -0.000000 -0.000000 0.430001 0.000000 1.000000 0.000000 -0.000000 0.000000 -0.000000 1.000000 0.000000 0.000000 0.000000 0.000000 1.000000
1.000000 -0.000000 0.000000 0.430001 -0.000000 1.000000 0.000000 -0.000000 0.000000 -0.000000 1.000000 -0.000000 0.000000 0.000000 0.000000 1.000000
1.000000 0.000000 0.000000 0.430000 -0.000000 1.000000 -0.000000 0.000000 0.000000 0.000000 1.000000 0.000000 0.000000 0.000000 0.000000 1.000000
1.000000 0.000000 -0.000000 0.430000 -0.000000 1.000000 -0.000000 0.000000 -0.000000 0.000000 1.000000 0.000000 0.000000 0.000000 0.000000 1.000000
1.000000 0.000000 0.000000 0.430000 0.000000 1.000000 0.000000 0.000000 0.000000 0.000000 1.000000 0.000000 0.000000 0.000000 0.000000 1.000000
1.000000 0.000000 -0.000000 0.430001 0.000000 1.000000 0.000000 -0.000000 -0.000000 -0.000000 1.000000 -0.000000 0.000000 0.000000 0.000000 1.000000
1.000000 0.000000 -0.000000 0.430001 -0.000000 1.000000 0.000000 0.000000 -0.000000 0.000000 1.000000 -0.000000 0.000000 0.000000 0.000000 1.000000
1.000000 -0.000000 0.000000 0.430001 0.000000 1.000000 -0.000000 0.000000 -0.000000 -0.000000 1.000000 -0.000000 0.000000 0.000000 0.000000 1.000000
1.000000 -0.000000 0.000000 0.430000 0.000000 1.000000 0.000000 -0.000000 -0.000000 -0.000000 1.000000 0.000000 0.000000 0.000000 0.000000 1.000000
1.000000 0.000000 0.000000 0.430000 -0.000000 1.000000 0.000000 0.000000 0.000000 0.000000 1.000000 0.000000 0.000000 0.000000 0.000000 1.000000
1.000000 0.000000 0.000000 0.430000 0.000000 1.000000 0.000000 0.000000 0.000000 -0.000000 1.000000 0.000000 0.000000 0.000000 0.000000 1.000000
1.000000 0.000000 -0.000000 0.430000 0.000000 1.000000 -0.000000 -0.000000 0.000000 0.000000 1.000000 0.000000 0.000000 0.000000 0.000000 1.000000
1.000000 0.000000 0.000000 0.430000 0.000000 1.000000 0.000000 0.000000 0.000000 -0.000000 1.000000 0.000000 0.000000 0.000000 0.000000 1.000000
1.000000 0.000000 -0.000000 0.430000 -0.000000 1.000000 0.000000 -0.000000 0.000000 0.000000 1.000000 0.000000 0.000000 0.000000 0.000000 1.000000
1.000000 0.000000 0.000000 0.430000 -0.000000 1.000000 0.000000 0.000000 0.000000 0.000000 1.000000 0.000000 0.000000 0.000000 0.000000 1.000000</float_array><technique_common><accessor source="#jnt_right_uplegroll-Matrix-animation-output-transform-array" count="21" stride="16"><param type="float4x4"/></accessor></technique_common></source><source id="jnt_right_uplegroll-Interpolations"><Name_array id="jnt_right_uplegroll-Interpolations-array" count="21">
 LINEAR LINEAR LINEAR LINEAR LINEAR LINEAR LINEAR LINEAR LINEAR LINEAR LINEAR
LINEAR LINEAR LINEAR LINEAR LINEAR LINEAR LINEAR LINEAR LINEAR LINEAR</Name_array><technique_common><accessor source="#jnt_right_uplegroll-Interpolations-array" count="21"><param type="name"/></accessor></technique_common></source><sampler id="jnt_right_uplegroll-Matrix-animation-transform"><input semantic="INPUT" source="#jnt_right_uplegroll-Matrix-animation-input"/><input semantic="OUTPUT" source="#jnt_right_uplegroll-Matrix-animation-output-transform"/><input semantic="INTERPOLATION" source="#jnt_right_uplegroll-Interpolations"/></sampler><channel source="#jnt_right_uplegroll-Matrix-animation-transform" target="jnt_right_uplegroll/matrix"/></animation></animation>
    <animation id="jnt_right_leg-anim" name="jnt_right_leg"><animation><source id="jnt_right_leg-Matrix-animation-input"><float_array id="jnt_right_leg-Matrix-animation-input-array" count="21">

0.000000 0.033333 0.066667 0.100000 0.133333 0.166667 0.200000 0.233333 0.266667 0.300000 0.333333 0.366667 0.400000 0.433333 0.466667 0.500000
0.533333 0.566667 0.600000 0.633333 0.666667</float_array><technique_common><accessor source="#jnt_right_leg-Matrix-animation-input-array" count="21"><param name="TIME" type="float"/></accessor></technique_common></source><source id="jnt_right_leg-Matrix-animation-output-transform"><float_array id="jnt_right_leg-Matrix-animation-output-transform-array" count="336">

0.907686 0.416824 -0.048617 0.860324 -0.419546 0.903921 -0.083110 0.000000 0.009303 0.095835 0.995354 0.000000 0.000000 0.000000 0.000000 1.000000
0.847552 0.527634 -0.057079 0.860324 -0.530565 0.844939 -0.067670 0.000000 0.012523 0.087638 0.996074 0.000000 0.000000 0.000000 0.000000 1.000000
0.705900 0.706627 -0.048810 0.860324 -0.708077 0.705760 -0.023000 0.000000 0.018196 0.050797 0.998543 0.000000 0.000000 0.000000 0.000000 1.000000
0.530191 0.847591 -0.022065 0.860325 -0.847557 0.530527 0.013737 0.000000 0.023349 0.011418 0.999662 0.000000 0.000000 0.000000 0.000000 1.000000
0.361723 0.931757 0.031385 0.860325 -0.931901 0.360402 0.040874 -0.000000 0.026774 -0.044033 0.998671 0.000000 0.000000 0.000000 0.000000 1.000000
0.231220 0.967388 0.103427 0.860324 -0.972485 0.226700 0.053670 -0.000001 0.028473 -0.112991 0.993188 0.000000 0.000000 0.000000 0.000000 1.000000
0.159022 0.971355 0.176580 0.860325 -0.986851 0.151151 0.057253 -0.000001 0.028923 -0.183363 0.982620 0.000001 0.000000 0.000000 0.000000 1.000000
0.145635 0.961674 0.232324 0.860324 -0.988922 0.134689 0.062390 0.000000 0.028707 -0.238836 0.970635 -0.000000 0.000000 0.000000 0.000000 1.000000
0.177202 0.949483 0.259001 0.860324 -0.983770 0.163338 0.074283 0.000000 0.028226 -0.267961 0.963016 0.000000 0.000000 0.000000 0.000000 1.000000
0.265675 0.933299 0.241597 0.860324 -0.963674 0.249984 0.094020 0.000001 0.027353 -0.257800 0.965811 0.000000 0.000000 0.000000 0.000000 1.000000
0.410187 0.893211 0.184176 0.860324 -0.911647 0.395947 0.110117 -0.000000 0.025434 -0.213072 0.976705 0.000000 0.000000 0.000000 0.000000 1.000000
0.588891 0.800583 0.110790 0.860324 -0.807922 0.579452 0.107222 0.000000 0.021642 -0.152652 0.988043 -0.000000 0.000000 0.000000 0.000000 1.000000
0.772322 0.633683 0.044316 0.860325 -0.635036 0.768480 0.078535 -0.000000 0.015710 -0.088797 0.995926 -0.000000 0.000000 0.000000 0.000000 1.000000
0.921358 0.388699 0.003520 0.860324 -0.388619 0.920893 0.030503 -0.000000 0.008615 -0.029472 0.999528 0.000000 0.000000 0.000000 0.000000 1.000000
0.942822 0.333219 -0.007215 0.860324 -0.333224 0.942848 0.000530 0.000000 0.006979 0.001904 0.999974 -0.000000 0.000000 0.000000 0.000000 1.000000
0.899545 0.436247 -0.022510 0.860324 -0.436726 0.899252 -0.024811 -0.000000 0.009418 0.032150 0.999439 0.000000 0.000000 0.000000 0.000000 1.000000
0.809778 0.585225 -0.042090 0.860324 -0.586585 0.809111 -0.035453 0.000000 0.013308 0.053398 0.998485 0.000000 0.000000 0.000000 0.000000 1.000000
0.725253 0.684823 -0.070891 0.860324 -0.688298 0.723589 -0.051614 -0.000001 0.015950 0.086227 0.996148 -0.000000 0.000000 0.000000 0.000000 1.000000
0.663415 0.738919 -0.117812 0.860324 -0.748049 0.658631 -0.081412 -0.000000 0.017438 0.142139 0.989693 -0.000000 0.000000 0.000000 0.000000 1.000000
0.634824 0.760479 -0.136638 0.860324 -0.772448 0.628757 -0.089379 -0.000000 0.017941 0.162286 0.986581 0.000000 0.000000 0.000000 0.000000 1.000000
0.646182 0.747385 -0.154482 0.860324 -0.762981 0.637295 -0.108232 0.000000 0.017560 0.187805 0.982049 0.000000 0.000000 0.000000 0.000000 1.000000</float_array><technique_common><accessor source="#jnt_right_leg-Matrix-animation-output-transform-array" count="21" stride="16"><param type="float4x4"/></accessor></technique_common></source><source id="jnt_right_leg-Interpolations"><Name_array id="jnt_right_leg-Interpolations-array" count="21">
 LINEAR LINEAR LINEAR LINEAR LINEAR LINEAR LINEAR LINEAR LINEAR LINEAR LINEAR
LINEAR LINEAR LINEAR LINEAR LINEAR LINEAR LINEAR LINEAR LINEAR LINEAR</Name_array><technique_common><accessor source="#jnt_right_leg-Interpolations-array" count="21"><param type="name"/></accessor></technique_common></source><sampler id="jnt_right_leg-Matrix-animation-transform"><input semantic="INPUT" source="#jnt_right_leg-Matrix-animation-input"/><input semantic="OUTPUT" source="#jnt_right_leg-Matrix-animation-output-transform"/><input semantic="INTERPOLATION" source="#jnt_right_leg-Interpolations"/></sampler><channel source="#jnt_right_leg-Matrix-animation-transform" target="jnt_right_leg/matrix"/></animation></animation>
    <animation id="jnt_right_legroll-anim" name="jnt_right_legroll"><animation><source id="jnt_right_legroll-Matrix-animation-input"><float_array id="jnt_right_legroll-Matrix-animation-input-array" count="21">

0.000000 0.033333 0.066667 0.100000 0.133333 0.166667 0.200000 0.233333 0.266667 0.300000 0.333333 0.366667 0.400000 0.433333 0.466667 0.500000
0.533333 0.566667 0.600000 0.633333 0.666667</float_array><technique_common><accessor source="#jnt_right_legroll-Matrix-animation-input-array" count="21"><param name="TIME" type="float"/></accessor></technique_common></source><source id="jnt_right_legroll-Matrix-animation-output-transform"><float_array id="jnt_right_legroll-Matrix-animation-output-transform-array" count="336">

1.000000 -0.000000 -0.000000 0.384000 0.000000 1.000000 0.000000 -0.000000 -0.000000 0.000000 1.000000 0.000000 0.000000 0.000000 0.000000 1.000000
1.000000 0.000000 0.000000 0.384000 -0.000000 0.999969 0.007865 0.000000 0.000000 -0.007865 0.999969 0.000000 0.000000 0.000000 0.000000 1.000000
1.000000 0.000000 -0.000000 0.384000 0.000000 0.999998 0.001849 -0.000000 0.000000 -0.001849 0.999998 0.000000 0.000000 0.000000 0.000000 1.000000
1.000000 0.000000 0.000000 0.384000 -0.000000 0.999907 0.013624 0.000000 0.000000 -0.013624 0.999907 -0.000000 0.000000 0.000000 0.000000 1.000000
1.000000 0.000000 -0.000000 0.384000 -0.000000 0.999295 0.037531 -0.000000 -0.000000 -0.037531 0.999295 0.000000 0.000000 0.000000 0.000000 1.000000
1.000000 -0.000000 0.000000 0.384000 0.000000 0.997554 0.069901 -0.000000 0.000000 -0.069901 0.997554 0.000000 0.000000 0.000000 0.000000 1.000000
1.000000 0.000000 -0.000000 0.384000 0.000000 0.994677 0.103039 -0.000000 0.000000 -0.103039 0.994677 0.000000 0.000000 0.000000 0.000000 1.000000
1.000000 0.000001 0.000000 0.384000 -0.000001 0.991660 0.128878 0.000000 0.000000 -0.128878 0.991660 -0.000000 0.000000 0.000000 0.000000 1.000000
1.000000 0.000000 0.000000 0.384000 0.000000 0.989676 0.143319 -0.000000 0.000000 -0.143319 0.989676 0.000000 0.000000 0.000000 0.000000 1.000000
1.000000 0.000000 0.000000 0.384000 0.000000 0.990015 0.140965 -0.000000 -0.000000 -0.140965 0.990015 -0.000000 0.000000 0.000000 0.000000 1.000000
1.000000 0.000000 0.000000 0.384000 -0.000000 0.992507 0.122185 -0.000000 0.000000 -0.122185 0.992507 -0.000000 0.000000 0.000000 0.000000 1.000000
1.000000 -0.000000 -0.000000 0.384000 0.000000 0.995369 0.096132 -0.000000 -0.000000 -0.096132 0.995369 0.000000 0.000000 0.000000 0.000000 1.000000
1.000000 -0.000000 0.000000 0.384000 0.000000 0.997219 0.074524 -0.000000 0.000000 -0.074524 0.997219 -0.000000 0.000000 0.000000 0.000000 1.000000
1.000000 0.000000 0.000000 0.384000 0.000000 0.997551 0.069937 -0.000000 0.000000 -0.069937 0.997551 0.000000 0.000000 0.000000 0.000000 1.000000
1.000000 0.000000 0.000000 0.384000 0.000000 0.997446 0.071421 -0.000000 0.000000 -0.071421 0.997446 -0.000000 0.000000 0.000000 0.000000 1.000000
1.000000 0.000000 -0.000000 0.384000 -0.000000 0.998378 0.056933 -0.000000 -0.000000 -0.056933 0.998378 0.000000 0.000000 0.000000 0.000000 1.000000
1.000000 0.000000 0.000000 0.384000 0.000000 0.999318 0.036932 0.000000 0.000000 -0.036932 0.999318 0.000000 0.000000 0.000000 0.000000 1.000000
1.000000 -0.000000 0.000000 0.384000 0.000000 0.999923 0.012440 -0.000000 -0.000000 -0.012440 0.999923 -0.000000 0.000000 0.000000 0.000000 1.000000
1.000000 0.000000 -0.000000 0.384000 0.000000 1.000000 0.000491 0.000000 0.000000 -0.000491 1.000000 0.000000 0.000000 0.000000 0.000000 1.000000
1.000000 0.000000 0.000000 0.384000 0.000000 0.999376 -0.035323 -0.000000 0.000000 0.035323 0.999376 0.000000 0.000000 0.000000 0.000000 1.000000
1.000000 0.000000 0.000000 0.384000 0.000000 0.998760 -0.049781 0.000000 0.000000 0.049781 0.998760 0.000000 0.000000 0.000000 0.000000 1.000000</float_array><technique_common><accessor source="#jnt_right_legroll-Matrix-animation-output-transform-array" count="21" stride="16"><param type="float4x4"/></accessor></technique_common></source><source id="jnt_right_legroll-Interpolations"><Name_array id="jnt_right_legroll-Interpolations-array" count="21">
 LINEAR LINEAR LINEAR LINEAR LINEAR LINEAR LINEAR LINEAR LINEAR LINEAR LINEAR
LINEAR LINEAR LINEAR LINEAR LINEAR LINEAR LINEAR LINEAR LINEAR LINEAR</Name_array><technique_common><accessor source="#jnt_right_legroll-Interpolations-array" count="21"><param type="name"/></accessor></technique_common></source><sampler id="jnt_right_legroll-Matrix-animation-transform"><input semantic="INPUT" source="#jnt_right_legroll-Matrix-animation-input"/><input semantic="OUTPUT" source="#jnt_right_legroll-Matrix-animation-output-transform"/><input semantic="INTERPOLATION" source="#jnt_right_legroll-Interpolations"/></sampler><channel source="#jnt_right_legroll-Matrix-animation-transform" target="jnt_right_legroll/matrix"/></animation></animation>
    <animation id="jnt_right_foot-anim" name="jnt_right_foot"><animation><source id="jnt_right_foot-Matrix-animation-input"><float_array id="jnt_right_foot-Matrix-animation-input-array" count="21">

0.000000 0.033333 0.066667 0.100000 0.133333 0.166667 0.200000 0.233333 0.266667 0.300000 0.333333 0.366667 0.400000 0.433333 0.466667 0.500000
0.533333 0.566667 0.600000 0.633333 0.666667</float_array><technique_common><accessor source="#jnt_right_foot-Matrix-animation-input-array" count="21"><param name="TIME" type="float"/></accessor></technique_common></source><source id="jnt_right_foot-Matrix-animation-output-transform"><float_array id="jnt_right_foot-Matrix-animation-output-transform-array" count="336">

0.125469 -0.946433 0.297525 0.768145 0.984185 0.080940 -0.157568 -0.000000 0.125046 0.312590 0.941621 0.000000 0.000000 0.000000 0.000000 1.000000
0.105438 -0.938377 0.329137 0.768145 0.988318 0.062255 -0.139112 0.000000 0.110049 0.339960 0.933979 0.000000 0.000000 0.000000 0.000000 1.000000
0.046490 -0.920266 0.388523 0.768145 0.992714 -0.000722 -0.120496 -0.000000 0.111168 0.391293 0.913527 0.000000 0.000000 0.000000 0.000000 1.000000
-0.011748 -0.893903 0.448106 0.768145 0.995629 -0.051980 -0.077590 -0.000000 0.092650 0.445236 0.890607 -0.000000 0.000000 0.000000 0.000000 1.000000
-0.061631 -0.869007 0.490947 0.768145 0.996129 -0.084443 -0.024420 -0.000000 0.062678 0.487542 0.870847 0.000000 0.000000 0.000000 0.000000 1.000000
-0.096111 -0.855145 0.509401 0.768144 0.995074 -0.095047 0.028187 -0.000000 0.024313 0.509600 0.860068 0.000000 0.000000 0.000000 0.000000 1.000000
-0.103617 -0.855033 0.508116 0.768144 0.994477 -0.080471 0.067386 -0.000001 -0.016729 0.512292 0.858648 -0.000000 0.000000 0.000000 0.000000 1.000000
-0.084850 -0.861598 0.500450 0.768145 0.995031 -0.047008 0.087774 -0.000000 -0.052101 0.505410 0.861305 -0.000000 0.000000 0.000000 0.000000 1.000000
-0.056323 -0.866963 0.495179 0.768144 0.995638 -0.011819 0.092554 -0.000000 -0.074389 0.498232 0.863847 -0.000000 0.000000 0.000000 0.000000 1.000000
-0.035147 -0.868097 0.495149 0.768145 0.996628 0.006308 0.081804 -0.000000 -0.074137 0.496355 0.864948 -0.000000 0.000000 0.000000 0.000000 1.000000
-0.029373 -0.867999 0.495697 0.768145 0.998296 -0.000455 0.058358 0.000000 -0.050429 0.496566 0.866533 -0.000000 0.000000 0.000000 0.000000 1.000000
-0.020260 -0.870445 0.491848 0.768145 0.999639 -0.008966 0.025310 -0.000000 -0.017621 0.492183 0.870313 -0.000000 0.000000 0.000000 0.000000 1.000000
0.010974 -0.876847 0.480645 0.768145 0.999917 0.006368 -0.011212 -0.000000 0.006770 0.480728 0.876844 0.000000 0.000000 0.000000 0.000000 1.000000
0.082904 -0.882575 0.462805 0.768145 0.996549 0.071440 -0.042278 0.000000 0.004251 0.464713 0.885451 -0.000000 0.000000 0.000000 0.000000 1.000000
0.016725 -0.894023 0.447709 0.768145 0.999747 0.008224 -0.020925 0.000000 0.015026 0.447946 0.893934 -0.000000 0.000000 0.000000 0.000000 1.000000
-0.105592 -0.882600 0.458113 0.768145 0.993341 -0.114973 0.007453 0.000000 0.046093 0.455849 0.888863 -0.000000 0.000000 0.000000 0.000000 1.000000
-0.230567 -0.842737 0.486450 0.768145 0.969311 -0.242738 0.038909 0.000000 0.085290 0.480493 0.872842 -0.000000 0.000000 0.000000 0.000000 1.000000
-0.330163 -0.783902 0.525823 0.768145 0.934389 -0.350401 0.064320 0.000000 0.133828 0.512559 0.848159 -0.000000 0.000000 0.000000 0.000000 1.000000
-0.398898 -0.720500 0.567239 0.768145 0.902553 -0.417837 0.103968 0.000000 0.162105 0.553436 0.816964 -0.000000 0.000000 0.000000 0.000000 1.000000
-0.434955 -0.670840 0.600656 0.768145 0.876281 -0.468863 0.110897 0.000000 0.207232 0.574579 0.791779 -0.000000 0.000000 0.000000 0.000000 1.000000
-0.436133 -0.653073 0.619098 0.768145 0.872166 -0.476198 0.112080 0.000000 0.221617 0.588838 0.777274 -0.000000 0.000000 0.000000 0.000000 1.000000</float_array><technique_common><accessor source="#jnt_right_foot-Matrix-animation-output-transform-array" count="21" stride="16"><param type="float4x4"/></accessor></technique_common></source><source id="jnt_right_foot-Interpolations"><Name_array id="jnt_right_foot-Interpolations-array" count="21">
 LINEAR LINEAR LINEAR LINEAR LINEAR LINEAR LINEAR LINEAR LINEAR LINEAR LINEAR
LINEAR LINEAR LINEAR LINEAR LINEAR LINEAR LINEAR LINEAR LINEAR LINEAR</Name_array><technique_common><accessor source="#jnt_right_foot-Interpolations-array" count="21"><param type="name"/></accessor></technique_common></source><sampler id="jnt_right_foot-Matrix-animation-transform"><input semantic="INPUT" source="#jnt_right_foot-Matrix-animation-input"/><input semantic="OUTPUT" source="#jnt_right_foot-Matrix-animation-output-transform"/><input semantic="INTERPOLATION" source="#jnt_right_foot-Interpolations"/></sampler><channel source="#jnt_right_foot-Matrix-animation-transform" target="jnt_right_foot/matrix"/></animation></animation>
    <animation id="jnt_right_toebase-anim" name="jnt_right_toebase"><animation><source id="jnt_right_toebase-Matrix-animation-input"><float_array id="jnt_right_toebase-Matrix-animation-input-array" count="21">

0.000000 0.033333 0.066667 0.100000 0.133333 0.166667 0.200000 0.233333 0.266667 0.300000 0.333333 0.366667 0.400000 0.433333 0.466667 0.500000
0.533333 0.566667 0.600000 0.633333 0.666667</float_array><technique_common><accessor source="#jnt_right_toebase-Matrix-animation-input-array" count="21"><param name="TIME" type="float"/></accessor></technique_common></source><source id="jnt_right_toebase-Matrix-animation-output-transform"><float_array id="jnt_right_toebase-Matrix-animation-output-transform-array" count="336">

0.918954 -0.394364 -0.000122 0.441847 0.394364 0.918954 0.000314 -0.000000 -0.000011 -0.000337 1.000000 -0.000000 0.000000 0.000000 0.000000 1.000000
0.908745 -0.417349 0.001351 0.441847 0.417351 0.908742 -0.002286 0.000000 -0.000274 0.002641 0.999996 0.000000 0.000000 0.000000 0.000000 1.000000
0.879091 -0.476622 0.005543 0.441847 0.476654 0.879046 -0.008953 -0.000000 -0.000605 0.010513 0.999945 0.000000 0.000000 0.000000 0.000000 1.000000
0.830606 -0.556726 0.012204 0.441847 0.556860 0.830414 -0.017870 -0.000000 -0.000185 0.021639 0.999766 0.000000 0.000000 0.000000 0.000000 1.000000
0.766086 -0.642400 0.020823 0.441847 0.642736 0.765603 -0.027267 -0.000000 0.001574 0.034272 0.999411 -0.000000 0.000000 0.000000 0.000000 1.000000
0.692744 -0.720543 0.030395 0.441847 0.721169 0.691840 -0.035676 -0.000000 0.004678 0.046635 0.998901 0.000000 0.000000 0.000000 0.000000 1.000000
0.622227 -0.781843 0.039437 0.441847 0.782791 0.620856 -0.042129 0.000000 0.008454 0.057085 0.998334 -0.000000 0.000000 0.000000 0.000000 1.000000
0.569028 -0.821021 0.046174 0.441847 0.822235 0.567273 -0.046164 0.000000 0.011708 0.064235 0.997866 0.000000 0.000000 0.000000 0.000000 1.000000
0.548187 -0.834931 0.048797 0.441847 0.836254 0.546275 -0.047575 0.000000 0.013065 0.066887 0.997675 -0.000000 0.000000 0.000000 0.000000 1.000000
0.588304 -0.807456 0.043742 0.441847 0.808572 0.586692 -0.044778 0.000000 0.010493 0.061711 0.998039 0.000000 0.000000 0.000000 0.000000 1.000000
0.678178 -0.734188 0.032279 0.441847 0.734878 0.677183 -0.037129 -0.000000 0.005401 0.048901 0.998789 0.000000 0.000000 0.000000 0.000000 1.000000
0.773385 -0.633625 0.019864 0.441847 0.633935 0.772938 -0.026318 0.000000 0.001322 0.032946 0.999456 -0.000000 0.000000 0.000000 0.000000 1.000000
0.841769 -0.539731 0.010692 0.441847 0.539837 0.841617 -0.015994 0.000000 -0.000366 0.019235 0.999815 -0.000000 0.000000 0.000000 0.000000 1.000000
0.867107 -0.498071 0.007209 0.441847 0.498122 0.867032 -0.011352 0.000000 -0.000597 0.013434 0.999910 0.000000 0.000000 0.000000 0.000000 1.000000
0.894536 -0.446982 0.003372 0.441847 0.446995 0.894519 -0.005624 -0.000000 -0.000503 0.006538 0.999979 0.000000 0.000000 0.000000 0.000000 1.000000
0.918954 -0.394364 -0.000124 0.441847 0.394364 0.918954 0.000314 0.000000 -0.000010 -0.000337 1.000000 0.000000 0.000000 0.000000 0.000000 1.000000
0.918954 -0.394364 -0.000123 0.441847 0.394364 0.918954 0.000314 0.000000 -0.000010 -0.000337 1.000000 0.000000 0.000000 0.000000 0.000000 1.000000
0.918954 -0.394364 -0.000124 0.441847 0.394364 0.918954 0.000314 -0.000000 -0.000010 -0.000337 1.000000 0.000000 0.000000 0.000000 0.000000 1.000000
0.918954 -0.394364 -0.000124 0.441847 0.394364 0.918954 0.000314 -0.000000 -0.000010 -0.000337 1.000000 0.000000 0.000000 0.000000 0.000000 1.000000
0.918954 -0.394364 -0.000124 0.441847 0.394364 0.918954 0.000314 0.000000 -0.000010 -0.000337 1.000000 0.000000 0.000000 0.000000 0.000000 1.000000
0.918954 -0.394364 -0.000124 0.441847 0.394364 0.918954 0.000313 -0.000000 -0.000009 -0.000337 1.000000 -0.000000 0.000000 0.000000 0.000000 1.000000</float_array><technique_common><accessor source="#jnt_right_toebase-Matrix-animation-output-transform-array" count="21" stride="16"><param type="float4x4"/></accessor></technique_common></source><source id="jnt_right_toebase-Interpolations"><Name_array id="jnt_right_toebase-Interpolations-array" count="21">
 LINEAR LINEAR LINEAR LINEAR LINEAR LINEAR LINEAR LINEAR LINEAR LINEAR LINEAR
LINEAR LINEAR LINEAR LINEAR LINEAR LINEAR LINEAR LINEAR LINEAR LINEAR</Name_array><technique_common><accessor source="#jnt_right_toebase-Interpolations-array" count="21"><param type="name"/></accessor></technique_common></source><sampler id="jnt_right_toebase-Matrix-animation-transform"><input semantic="INPUT" source="#jnt_right_toebase-Matrix-animation-input"/><input semantic="OUTPUT" source="#jnt_right_toebase-Matrix-animation-output-transform"/><input semantic="INTERPOLATION" source="#jnt_right_toebase-Interpolations"/></sampler><channel source="#jnt_right_toebase-Matrix-animation-transform" target="jnt_right_toebase/matrix"/></animation></animation>
    <animation id="jnt_right_toeend-anim" name="jnt_right_toeend"><animation><source id="jnt_right_toeend-Matrix-animation-input"><float_array id="jnt_right_toeend-Matrix-animation-input-array" count="21">

0.000000 0.033333 0.066667 0.100000 0.133333 0.166667 0.200000 0.233333 0.266667 0.300000 0.333333 0.366667 0.400000 0.433333 0.466667 0.500000
0.533333 0.566667 0.600000 0.633333 0.666667</float_array><technique_common><accessor source="#jnt_right_toeend-Matrix-animation-input-array" count="21"><param name="TIME" type="float"/></accessor></technique_common></source><source id="jnt_right_toeend-Matrix-animation-output-transform"><float_array id="jnt_right_toeend-Matrix-animation-output-transform-array" count="336">

1.000000 0.000000 0.000000 0.379397 0.000000 1.000000 -0.000000 0.000000 0.000000 0.000000 1.000000 -0.000000 0.000000 0.000000 0.000000 1.000000
1.000000 0.000000 0.000000 0.379397 0.000000 1.000000 0.000000 0.000000 0.000000 0.000000 1.000000 0.000000 0.000000 0.000000 0.000000 1.000000
1.000000 -0.000000 0.000000 0.379397 0.000000 1.000000 -0.000000 0.000000 -0.000000 -0.000000 1.000000 0.000000 0.000000 0.000000 0.000000 1.000000
1.000000 0.000000 -0.000000 0.379397 -0.000000 1.000000 -0.000000 0.000000 -0.000000 -0.000000 1.000000 -0.000000 0.000000 0.000000 0.000000 1.000000
1.000000 0.000000 0.000000 0.379397 -0.000000 1.000000 0.000000 0.000000 0.000000 0.000000 1.000000 -0.000000 0.000000 0.000000 0.000000 1.000000
1.000000 0.000000 -0.000000 0.379397 0.000000 1.000000 0.000000 0.000000 -0.000000 -0.000000 1.000000 -0.000000 0.000000 0.000000 0.000000 1.000000
1.000000 0.000000 -0.000000 0.379397 0.000000 1.000000 -0.000000 0.000000 0.000000 -0.000000 1.000000 0.000000 0.000000 0.000000 0.000000 1.000000
1.000000 -0.000000 -0.000000 0.379397 -0.000000 1.000000 -0.000000 0.000000 -0.000000 -0.000000 1.000000 0.000000 0.000000 0.000000 0.000000 1.000000
1.000000 -0.000000 0.000000 0.379397 0.000000 1.000000 -0.000000 0.000000 0.000000 0.000000 1.000000 0.000000 0.000000 0.000000 0.000000 1.000000
1.000000 0.000000 -0.000000 0.379397 -0.000000 1.000000 -0.000000 0.000000 -0.000000 0.000000 1.000000 -0.000000 0.000000 0.000000 0.000000 1.000000
1.000000 -0.000000 -0.000000 0.379397 -0.000000 1.000000 -0.000000 0.000000 -0.000000 0.000000 1.000000 -0.000000 0.000000 0.000000 0.000000 1.000000
1.000000 -0.000000 0.000000 0.379397 -0.000000 1.000000 0.000000 0.000000 -0.000000 -0.000000 1.000000 -0.000000 0.000000 0.000000 0.000000 1.000000
1.000000 -0.000000 -0.000000 0.379397 -0.000000 1.000000 -0.000000 0.000000 -0.000000 0.000000 1.000000 0.000000 0.000000 0.000000 0.000000 1.000000
1.000000 0.000000 0.000000 0.379397 0.000000 1.000000 0.000000 0.000000 0.000000 0.000000 1.000000 -0.000000 0.000000 0.000000 0.000000 1.000000
1.000000 -0.000000 0.000000 0.379397 0.000000 1.000000 -0.000000 0.000000 0.000000 -0.000000 1.000000 -0.000000 0.000000 0.000000 0.000000 1.000000
1.000000 0.000000 0.000000 0.379397 0.000000 1.000000 0.000000 0.000000 0.000000 -0.000000 1.000000 0.000000 0.000000 0.000000 0.000000 1.000000
1.000000 0.000000 0.000000 0.379397 -0.000000 1.000000 0.000000 0.000000 0.000000 0.000000 1.000000 0.000000 0.000000 0.000000 0.000000 1.000000
1.000000 0.000000 -0.000000 0.379397 0.000000 1.000000 -0.000000 0.000000 -0.000000 -0.000000 1.000000 -0.000000 0.000000 0.000000 0.000000 1.000000
1.000000 -0.000000 0.000000 0.379397 0.000000 1.000000 -0.000000 0.000000 0.000000 0.000000 1.000000 -0.000000 0.000000 0.000000 0.000000 1.000000
1.000000 0.000000 0.000000 0.379397 -0.000000 1.000000 0.000000 0.000000 0.000000 -0.000000 1.000000 -0.000000 0.000000 0.000000 0.000000 1.000000
1.000000 0.000000 -0.000000 0.379397 -0.000000 1.000000 0.000000 0.000000 0.000000 -0.000000 1.000000 0.000000 0.000000 0.000000 0.000000 1.000000</float_array><technique_common><accessor source="#jnt_right_toeend-Matrix-animation-output-transform-array" count="21" stride="16"><param type="float4x4"/></accessor></technique_common></source><source id="jnt_right_toeend-Interpolations"><Name_array id="jnt_right_toeend-Interpolations-array" count="21">
 LINEAR LINEAR LINEAR LINEAR LINEAR LINEAR LINEAR LINEAR LINEAR LINEAR LINEAR
LINEAR LINEAR LINEAR LINEAR LINEAR LINEAR LINEAR LINEAR LINEAR LINEAR</Name_array><technique_common><accessor source="#jnt_right_toeend-Interpolations-array" count="21"><param type="name"/></accessor></technique_common></source><sampler id="jnt_right_toeend-Matrix-animation-transform"><input semantic="INPUT" source="#jnt_right_toeend-Matrix-animation-input"/><input semantic="OUTPUT" source="#jnt_right_toeend-Matrix-animation-output-transform"/><input semantic="INTERPOLATION" source="#jnt_right_toeend-Interpolations"/></sampler><channel source="#jnt_right_toeend-Matrix-animation-transform" target="jnt_right_toeend/matrix"/></animation></animation>
    <animation id="jnt_left_upleg-anim" name="jnt_left_upleg"><animation><source id="jnt_left_upleg-Matrix-animation-input"><float_array id="jnt_left_upleg-Matrix-animation-input-array" count="21">

0.000000 0.033333 0.066667 0.100000 0.133333 0.166667 0.200000 0.233333 0.266667 0.300000 0.333333 0.366667 0.400000 0.433333 0.466667 0.500000
