<?xml version="1.0" encoding="utf-8"?>
<COLLADA xmlns="http://www.collada.org/2005/11/COLLADASchema" version="1.4.1">
  <asset><contributor><author></author><authoring_tool>FBX COLLADA exporter</authoring_tool><comments></comments></contributor><created>2018-04-19T15:20:27Z</created><keywords></keywords><modified>2018-04-19T15:20:27Z</modified><revision></revision><subject></subject><title></title><unit meter="0.010000" name="centimeter"></unit><up_axis>Y_UP</up_axis></asset>
  <library_animations>
    <animation id="jnt_hips-anim" name="jnt_hips"><animation><source id="jnt_hips-Matrix-animation-input"><float_array id="jnt_hips-Matrix-animation-input-array" count="121">

0.000000 0.033333 0.066667 0.100000 0.133333 0.166667 0.200000 0.233333 0.266667 0.300000 0.333333 0.366667 0.400000 0.433333 0.466667 0.500000
0.533333 0.566667 0.600000 0.633333 0.666667 0.700000 0.733333 0.766667 0.800000 0.833333 0.866667 0.900000 0.933333 0.966667 1.000000 1.033333
1.066667 1.100000 1.133333 1.166667 1.200000 1.233333 1.266667 1.300000 1.333333 1.366667 1.400000 1.433333 1.466667 1.500000 1.533333 1.566667
1.600000 1.633333 1.666667 1.700000 1.733333 1.766667 1.800000 1.833333 1.866667 1.900000 1.933333 1.966667 2.000000 2.033333 2.066667 2.100000
2.133333 2.166667 2.200000 2.233333 2.266667 2.300000 2.333333 2.366667 2.400000 2.433333 2.466667 2.500000 2.533333 2.566667 2.600000 2.633333
2.666667 2.700000 2.733333 2.766667 2.800000 2.833333 2.866667 2.900000 2.933333 2.966667 3.000000 3.033333 3.066667 3.100000 3.133333 3.166667
3.200000 3.233333 3.266667 3.300000 3.333333 3.366667 3.400000 3.433333 3.466667 3.500000 3.533333 3.566667 3.600000 3.633333 3.666667 3.700000
3.733333 3.766667 3.800000 3.833333 3.866667 3.900000 3.933333 3.966667 4.000000</float_array><technique_common><accessor source="#jnt_hips-Matrix-animation-input-array" count="121"><param name="TIME" type="float"/></accessor></technique_common></source><source id="jnt_hips-Matrix-animation-output-transform"><float_array id="jnt_hips-Matrix-animation-output-transform-array" count="1936">

0.999810 0.000913 0.019459 0.011939 -0.000804 0.999984 -0.005587 1.478657 -0.019464 0.005571 0.999795 -0.263220 0.000000 0.000000 0.000000 1.000000
0.999814 0.000904 0.019286 0.011945 -0.000798 0.999984 -0.005538 1.478718 -0.019291 0.005521 0.999799 -0.263226 0.000000 0.000000 0.000000 1.000000
0.999817 0.000895 0.019092 0.011953 -0.000790 0.999985 -0.005482 1.478900 -0.019097 0.005466 0.999803 -0.263232 0.000000 0.000000 0.000000 1.000000
0.999821 0.000884 0.018879 0.011961 -0.000782 0.999985 -0.005421 1.479199 -0.018883 0.005405 0.999807 -0.263239 0.000000 0.000000 0.000000 1.000000
0.999826 0.000873 0.018646 0.011969 -0.000773 0.999985 -0.005354 1.479612 -0.018650 0.005338 0.999812 -0.263247 0.000000 0.000000 0.000000 1.000000
0.999830 0.000860 0.018395 0.011979 -0.000763 0.999986 -0.005282 1.480134 -0.018399 0.005267 0.999817 -0.263255 0.000000 0.000000 0.000000 1.000000
0.999835 0.000847 0.018126 0.011989 -0.000753 0.999986 -0.005204 1.480761 -0.018130 0.005190 0.999822 -0.263264 0.000000 0.000000 0.000000 1.000000
0.999840 0.000833 0.017841 0.011999 -0.000742 0.999987 -0.005122 1.481488 -0.017845 0.005108 0.999828 -0.263273 0.000000 0.000000 0.000000 1.000000
0.999846 0.000818 0.017539 0.012011 -0.000730 0.999987 -0.005035 1.482312 -0.017543 0.005022 0.999833 -0.263283 0.000000 0.000000 0.000000 1.000000
0.999851 0.000803 0.017223 0.012023 -0.000718 0.999988 -0.004944 1.483228 -0.017227 0.004931 0.999839 -0.263293 0.000000 0.000000 0.000000 1.000000
0.999857 0.000786 0.016892 0.012035 -0.000705 0.999988 -0.004849 1.484233 -0.016896 0.004837 0.999846 -0.263304 0.000000 0.000000 0.000000 1.000000
0.999863 0.000769 0.016548 0.012048 -0.000691 0.999988 -0.004750 1.485321 -0.016551 0.004738 0.999852 -0.263315 0.000000 0.000000 0.000000 1.000000
0.999869 0.000752 0.016190 0.012061 -0.000677 0.999989 -0.004648 1.486489 -0.016194 0.004636 0.999858 -0.263327 0.000000 0.000000 0.000000 1.000000
0.999875 0.000734 0.015821 0.012075 -0.000662 0.999989 -0.004542 1.487733 -0.015825 0.004531 0.999865 -0.263339 0.000000 0.000000 0.000000 1.000000
0.999881 0.000716 0.015441 0.012090 -0.000647 0.999990 -0.004432 1.489048 -0.015444 0.004422 0.999871 -0.263351 0.000000 0.000000 0.000000 1.000000
0.999886 0.000697 0.015051 0.012104 -0.000632 0.999990 -0.004320 1.490430 -0.015054 0.004310 0.999877 -0.263364 0.000000 0.000000 0.000000 1.000000
0.999892 0.000677 0.014651 0.012119 -0.000616 0.999991 -0.004205 1.491875 -0.014654 0.004196 0.999884 -0.263377 0.000000 0.000000 0.000000 1.000000
0.999898 0.000658 0.014243 0.012135 -0.000599 0.999991 -0.004088 1.493379 -0.014245 0.004079 0.999890 -0.263390 0.000000 0.000000 0.000000 1.000000
0.999904 0.000638 0.013826 0.012150 -0.000583 0.999992 -0.003968 1.494937 -0.013829 0.003960 0.999897 -0.263404 0.000000 0.000000 0.000000 1.000000
0.999910 0.000617 0.013403 0.012166 -0.000566 0.999992 -0.003847 1.496546 -0.013405 0.003839 0.999903 -0.263417 0.000000 0.000000 0.000000 1.000000
0.999916 0.000597 0.012974 0.012183 -0.000548 0.999993 -0.003723 1.498201 -0.012976 0.003716 0.999909 -0.263431 0.000000 0.000000 0.000000 1.000000
0.999921 0.000576 0.012539 0.012199 -0.000531 0.999993 -0.003598 1.499898 -0.012541 0.003591 0.999915 -0.263445 0.000000 0.000000 0.000000 1.000000
0.999927 0.000555 0.012099 0.012216 -0.000513 0.999994 -0.003472 1.501633 -0.012101 0.003466 0.999921 -0.263460 0.000000 0.000000 0.000000 1.000000
0.999932 0.000534 0.011656 0.012232 -0.000495 0.999994 -0.003345 1.503401 -0.011657 0.003339 0.999926 -0.263474 0.000000 0.000000 0.000000 1.000000
0.999937 0.000513 0.011209 0.012249 -0.000477 0.999995 -0.003216 1.505199 -0.011211 0.003211 0.999932 -0.263489 0.000000 0.000000 0.000000 1.000000
0.999942 0.000491 0.010761 0.012266 -0.000458 0.999995 -0.003088 1.507022 -0.010762 0.003083 0.999937 -0.263503 0.000000 0.000000 0.000000 1.000000
0.999947 0.000470 0.010311 0.012283 -0.000440 0.999996 -0.002958 1.508866 -0.010312 0.002954 0.999942 -0.263518 0.000000 0.000000 0.000000 1.000000
0.999951 0.000449 0.009861 0.012300 -0.000421 0.999996 -0.002829 1.510727 -0.009862 0.002825 0.999947 -0.263532 0.000000 0.000000 0.000000 1.000000
0.999956 0.000428 0.009411 0.012317 -0.000403 0.999996 -0.002700 1.512600 -0.009412 0.002696 0.999952 -0.263547 0.000000 0.000000 0.000000 1.000000
0.999960 0.000407 0.008961 0.012334 -0.000384 0.999997 -0.002571 1.514482 -0.008962 0.002567 0.999957 -0.263561 0.000000 0.000000 0.000000 1.000000
0.999964 0.000386 0.008514 0.012351 -0.000365 0.999997 -0.002443 1.516368 -0.008515 0.002439 0.999961 -0.263576 0.000000 0.000000 0.000000 1.000000
0.999967 0.000365 0.008070 0.012368 -0.000347 0.999997 -0.002315 1.518254 -0.008071 0.002312 0.999965 -0.263590 0.000000 0.000000 0.000000 1.000000
0.999971 0.000345 0.007629 0.012385 -0.000328 0.999998 -0.002188 1.520136 -0.007630 0.002186 0.999969 -0.263604 0.000000 0.000000 0.000000 1.000000
0.999974 0.000325 0.007192 0.012401 -0.000310 0.999998 -0.002063 1.522009 -0.007193 0.002061 0.999972 -0.263618 0.000000 0.000000 0.000000 1.000000
0.999977 0.000305 0.006761 0.012417 -0.000292 0.999998 -0.001939 1.523870 -0.006761 0.001937 0.999975 -0.263632 0.000000 0.000000 0.000000 1.000000
0.999980 0.000285 0.006335 0.012434 -0.000274 0.999998 -0.001817 1.525714 -0.006336 0.001815 0.999978 -0.263646 0.000000 0.000000 0.000000 1.000000
0.999982 0.000266 0.005916 0.012449 -0.000256 0.999999 -0.001697 1.527538 -0.005917 0.001695 0.999981 -0.263659 0.000000 0.000000 0.000000 1.000000
0.999985 0.000247 0.005505 0.012465 -0.000239 0.999999 -0.001579 1.529336 -0.005505 0.001578 0.999984 -0.263672 0.000000 0.000000 0.000000 1.000000
0.999987 0.000229 0.005102 0.012480 -0.000221 0.999999 -0.001463 1.531105 -0.005103 0.001462 0.999986 -0.263685 0.000000 0.000000 0.000000 1.000000
0.999989 0.000211 0.004709 0.012495 -0.000205 0.999999 -0.001350 1.532840 -0.004709 0.001349 0.999988 -0.263698 0.000000 0.000000 0.000000 1.000000
0.999991 0.000194 0.004325 0.012510 -0.000188 0.999999 -0.001240 1.534538 -0.004325 0.001239 0.999990 -0.263710 0.000000 0.000000 0.000000 1.000000
0.999992 0.000177 0.003952 0.012524 -0.000172 0.999999 -0.001133 1.536193 -0.003952 0.001133 0.999992 -0.263722 0.000000 0.000000 0.000000 1.000000
0.999994 0.000160 0.003591 0.012538 -0.000157 0.999999 -0.001030 1.537803 -0.003591 0.001029 0.999993 -0.263734 0.000000 0.000000 0.000000 1.000000
0.999995 0.000145 0.003242 0.012551 -0.000142 1.000000 -0.000930 1.539362 -0.003242 0.000929 0.999994 -0.263745 0.000000 0.000000 0.000000 1.000000
0.999996 0.000129 0.002906 0.012564 -0.000127 1.000000 -0.000833 1.540867 -0.002906 0.000833 0.999995 -0.263756 0.000000 0.000000 0.000000 1.000000
0.999997 0.000115 0.002585 0.012576 -0.000113 1.000000 -0.000741 1.542313 -0.002585 0.000741 0.999996 -0.263766 0.000000 0.000000 0.000000 1.000000
0.999997 0.000101 0.002278 0.012588 -0.000100 1.000000 -0.000653 1.543696 -0.002278 0.000653 0.999997 -0.263776 0.000000 0.000000 0.000000 1.000000
0.999998 0.000088 0.001987 0.012599 -0.000087 1.000000 -0.000570 1.545012 -0.001987 0.000570 0.999998 -0.263785 0.000000 0.000000 0.000000 1.000000
0.999999 0.000076 0.001713 0.012609 -0.000075 1.000000 -0.000491 1.546257 -0.001713 0.000491 0.999998 -0.263794 0.000000 0.000000 0.000000 1.000000
0.999999 0.000065 0.001455 0.012619 -0.000064 1.000000 -0.000417 1.547426 -0.001456 0.000417 0.999999 -0.263802 0.000000 0.000000 0.000000 1.000000
0.999999 0.000054 0.001216 0.012628 -0.000053 1.000000 -0.000349 1.548516 -0.001216 0.000349 0.999999 -0.263810 0.000000 0.000000 0.000000 1.000000
1.000000 0.000044 0.000996 0.012636 -0.000044 1.000000 -0.000286 1.549521 -0.000996 0.000286 0.999999 -0.263817 0.000000 0.000000 0.000000 1.000000
1.000000 0.000035 0.000796 0.012644 -0.000035 1.000000 -0.000228 1.550439 -0.000796 0.000228 1.000000 -0.263823 0.000000 0.000000 0.000000 1.000000
1.000000 0.000027 0.000616 0.012651 -0.000027 1.000000 -0.000177 1.551265 -0.000616 0.000177 1.000000 -0.263829 0.000000 0.000000 0.000000 1.000000
1.000000 0.000020 0.000457 0.012657 -0.000020 1.000000 -0.000131 1.551993 -0.000457 0.000131 1.000000 -0.263834 0.000000 0.000000 0.000000 1.000000
1.000000 0.000014 0.000321 0.012662 -0.000014 1.000000 -0.000092 1.552622 -0.000321 0.000092 1.000000 -0.263838 0.000000 0.000000 0.000000 1.000000
1.000000 0.000009 0.000208 0.012666 -0.000009 1.000000 -0.000060 1.553145 -0.000208 0.000060 1.000000 -0.263842 0.000000 0.000000 0.000000 1.000000
1.000000 0.000005 0.000118 0.012670 -0.000005 1.000000 -0.000034 1.553560 -0.000118 0.000034 1.000000 -0.263845 0.000000 0.000000 0.000000 1.000000
1.000000 0.000002 0.000053 0.012672 -0.000002 1.000000 -0.000015 1.553861 -0.000053 0.000015 1.000000 -0.263847 0.000000 0.000000 0.000000 1.000000
1.000000 0.000000 0.000013 0.012674 0.000000 1.000000 -0.000004 1.554045 -0.000013 0.000004 1.000000 -0.263848 0.000000 0.000000 0.000000 1.000000
1.000000 0.000000 0.000000 0.012674 0.000000 1.000000 0.000000 1.554107 0.000000 0.000000 1.000000 -0.263848 0.000000 0.000000 0.000000 1.000000
1.000000 0.000000 0.000013 0.012674 0.000000 1.000000 -0.000004 1.554045 -0.000013 0.000004 1.000000 -0.263848 0.000000 0.000000 0.000000 1.000000
1.000000 0.000002 0.000053 0.012672 -0.000002 1.000000 -0.000015 1.553861 -0.000053 0.000015 1.000000 -0.263847 0.000000 0.000000 0.000000 1.000000
1.000000 0.000005 0.000118 0.012670 -0.000005 1.000000 -0.000034 1.553560 -0.000118 0.000034 1.000000 -0.263845 0.000000 0.000000 0.000000 1.000000
1.000000 0.000009 0.000208 0.012666 -0.000009 1.000000 -0.000060 1.553145 -0.000208 0.000060 1.000000 -0.263842 0.000000 0.000000 0.000000 1.000000
1.000000 0.000014 0.000321 0.012662 -0.000014 1.000000 -0.000092 1.552622 -0.000321 0.000092 1.000000 -0.263838 0.000000 0.000000 0.000000 1.000000
1.000000 0.000020 0.000457 0.012657 -0.000020 1.000000 -0.000131 1.551993 -0.000457 0.000131 1.000000 -0.263834 0.000000 0.000000 0.000000 1.000000
1.000000 0.000027 0.000616 0.012651 -0.000027 1.000000 -0.000177 1.551265 -0.000616 0.000177 1.000000 -0.263829 0.000000 0.000000 0.000000 1.000000
1.000000 0.000035 0.000796 0.012644 -0.000035 1.000000 -0.000228 1.550439 -0.000796 0.000228 1.000000 -0.263823 0.000000 0.000000 0.000000 1.000000
1.000000 0.000044 0.000996 0.012636 -0.000044 1.000000 -0.000286 1.549521 -0.000996 0.000286 0.999999 -0.263817 0.000000 0.000000 0.000000 1.000000
0.999999 0.000054 0.001216 0.012628 -0.000053 1.000000 -0.000349 1.548516 -0.001216 0.000349 0.999999 -0.263810 0.000000 0.000000 0.000000 1.000000
0.999999 0.000065 0.001455 0.012619 -0.000064 1.000000 -0.000417 1.547426 -0.001456 0.000417 0.999999 -0.263802 0.000000 0.000000 0.000000 1.000000
0.999999 0.000076 0.001713 0.012609 -0.000075 1.000000 -0.000491 1.546257 -0.001713 0.000491 0.999998 -0.263794 0.000000 0.000000 0.000000 1.000000
0.999998 0.000088 0.001987 0.012599 -0.000087 1.000000 -0.000570 1.545012 -0.001987 0.000570 0.999998 -0.263785 0.000000 0.000000 0.000000 1.000000
0.999997 0.000101 0.002278 0.012588 -0.000100 1.000000 -0.000653 1.543696 -0.002278 0.000653 0.999997 -0.263776 0.000000 0.000000 0.000000 1.000000
0.999997 0.000115 0.002585 0.012576 -0.000113 1.000000 -0.000741 1.542313 -0.002585 0.000741 0.999996 -0.263766 0.000000 0.000000 0.000000 1.000000
0.999996 0.000129 0.002906 0.012564 -0.000127 1.000000 -0.000833 1.540867 -0.002906 0.000833 0.999995 -0.263756 0.000000 0.000000 0.000000 1.000000
0.999995 0.000145 0.003242 0.012551 -0.000142 1.000000 -0.000930 1.539362 -0.003242 0.000929 0.999994 -0.263745 0.000000 0.000000 0.000000 1.000000
0.999994 0.000160 0.003591 0.012538 -0.000157 0.999999 -0.001030 1.537803 -0.003591 0.001029 0.999993 -0.263734 0.000000 0.000000 0.000000 1.000000
0.999992 0.000177 0.003952 0.012524 -0.000172 0.999999 -0.001133 1.536193 -0.003952 0.001133 0.999992 -0.263722 0.000000 0.000000 0.000000 1.000000
0.999991 0.000194 0.004325 0.012510 -0.000188 0.999999 -0.001240 1.534538 -0.004325 0.001239 0.999990 -0.263710 0.000000 0.000000 0.000000 1.000000
0.999989 0.000211 0.004709 0.012495 -0.000205 0.999999 -0.001350 1.532840 -0.004709 0.001349 0.999988 -0.263698 0.000000 0.000000 0.000000 1.000000
0.999987 0.000229 0.005102 0.012480 -0.000221 0.999999 -0.001463 1.531105 -0.005103 0.001462 0.999986 -0.263685 0.000000 0.000000 0.000000 1.000000
0.999985 0.000247 0.005505 0.012465 -0.000239 0.999999 -0.001579 1.529336 -0.005505 0.001578 0.999984 -0.263672 0.000000 0.000000 0.000000 1.000000
0.999982 0.000266 0.005916 0.012449 -0.000256 0.999999 -0.001697 1.527538 -0.005917 0.001695 0.999981 -0.263659 0.000000 0.000000 0.000000 1.000000
0.999980 0.000285 0.006335 0.012434 -0.000274 0.999998 -0.001817 1.525714 -0.006336 0.001815 0.999978 -0.263646 0.000000 0.000000 0.000000 1.000000
0.999977 0.000305 0.006761 0.012417 -0.000292 0.999998 -0.001939 1.523870 -0.006761 0.001937 0.999975 -0.263632 0.000000 0.000000 0.000000 1.000000
0.999974 0.000325 0.007192 0.012401 -0.000310 0.999998 -0.002063 1.522009 -0.007193 0.002061 0.999972 -0.263618 0.000000 0.000000 0.000000 1.000000
0.999971 0.000345 0.007629 0.012385 -0.000328 0.999998 -0.002188 1.520136 -0.007630 0.002186 0.999969 -0.263604 0.000000 0.000000 0.000000 1.000000
0.999967 0.000365 0.008070 0.012368 -0.000347 0.999997 -0.002315 1.518254 -0.008071 0.002312 0.999965 -0.263590 0.000000 0.000000 0.000000 1.000000
0.999964 0.000386 0.008514 0.012351 -0.000365 0.999997 -0.002443 1.516368 -0.008515 0.002439 0.999961 -0.263576 0.000000 0.000000 0.000000 1.000000
0.999960 0.000407 0.008961 0.012334 -0.000384 0.999997 -0.002571 1.514482 -0.008962 0.002567 0.999957 -0.263561 0.000000 0.000000 0.000000 1.000000
0.999956 0.000428 0.009411 0.012317 -0.000403 0.999996 -0.002700 1.512600 -0.009412 0.002696 0.999952 -0.263547 0.000000 0.000000 0.000000 1.000000
0.999951 0.000449 0.009861 0.012300 -0.000421 0.999996 -0.002829 1.510727 -0.009862 0.002825 0.999947 -0.263532 0.000000 0.000000 0.000000 1.000000
0.999947 0.000470 0.010311 0.012283 -0.000440 0.999996 -0.002958 1.508866 -0.010312 0.002954 0.999942 -0.263518 0.000000 0.000000 0.000000 1.000000
0.999942 0.000491 0.010761 0.012266 -0.000458 0.999995 -0.003088 1.507022 -0.010762 0.003083 0.999937 -0.263503 0.000000 0.000000 0.000000 1.000000
0.999937 0.000513 0.011209 0.012249 -0.000477 0.999995 -0.003216 1.505199 -0.011211 0.003211 0.999932 -0.263489 0.000000 0.000000 0.000000 1.000000
0.999932 0.000534 0.011656 0.012232 -0.000495 0.999994 -0.003345 1.503401 -0.011657 0.003339 0.999926 -0.263474 0.000000 0.000000 0.000000 1.000000
0.999927 0.000555 0.012099 0.012216 -0.000513 0.999994 -0.003472 1.501633 -0.012101 0.003466 0.999921 -0.263460 0.000000 0.000000 0.000000 1.000000
0.999921 0.000576 0.012539 0.012199 -0.000531 0.999993 -0.003598 1.499898 -0.012541 0.003591 0.999915 -0.263445 0.000000 0.000000 0.000000 1.000000
0.999916 0.000597 0.012974 0.012183 -0.000548 0.999993 -0.003723 1.498201 -0.012976 0.003716 0.999909 -0.263431 0.000000 0.000000 0.000000 1.000000
0.999910 0.000617 0.013403 0.012166 -0.000566 0.999992 -0.003847 1.496546 -0.013405 0.003839 0.999903 -0.263417 0.000000 0.000000 0.000000 1.000000
0.999904 0.000638 0.013826 0.012150 -0.000583 0.999992 -0.003968 1.494937 -0.013829 0.003960 0.999897 -0.263404 0.000000 0.000000 0.000000 1.000000
0.999898 0.000658 0.014243 0.012135 -0.000599 0.999991 -0.004088 1.493379 -0.014245 0.004079 0.999890 -0.263390 0.000000 0.000000 0.000000 1.000000
0.999892 0.000677 0.014651 0.012119 -0.000616 0.999991 -0.004205 1.491875 -0.014654 0.004196 0.999884 -0.263377 0.000000 0.000000 0.000000 1.000000
0.999886 0.000697 0.015051 0.012104 -0.000632 0.999990 -0.004320 1.490430 -0.015054 0.004310 0.999877 -0.263364 0.000000 0.000000 0.000000 1.000000
0.999881 0.000716 0.015441 0.012090 -0.000647 0.999990 -0.004432 1.489048 -0.015444 0.004422 0.999871 -0.263351 0.000000 0.000000 0.000000 1.000000
0.999875 0.000734 0.015821 0.012075 -0.000662 0.999989 -0.004542 1.487733 -0.015825 0.004531 0.999865 -0.263339 0.000000 0.000000 0.000000 1.000000
0.999869 0.000752 0.016190 0.012061 -0.000677 0.999989 -0.004648 1.486489 -0.016194 0.004636 0.999858 -0.263327 0.000000 0.000000 0.000000 1.000000
0.999863 0.000769 0.016548 0.012048 -0.000691 0.999988 -0.004750 1.485321 -0.016551 0.004738 0.999852 -0.263315 0.000000 0.000000 0.000000 1.000000
0.999857 0.000786 0.016892 0.012035 -0.000705 0.999988 -0.004849 1.484233 -0.016896 0.004837 0.999846 -0.263304 0.000000 0.000000 0.000000 1.000000
0.999851 0.000803 0.017223 0.012023 -0.000718 0.999988 -0.004944 1.483228 -0.017227 0.004931 0.999839 -0.263293 0.000000 0.000000 0.000000 1.000000
0.999846 0.000818 0.017539 0.012011 -0.000730 0.999987 -0.005035 1.482312 -0.017543 0.005022 0.999833 -0.263283 0.000000 0.000000 0.000000 1.000000
0.999840 0.000833 0.017841 0.011999 -0.000742 0.999987 -0.005122 1.481488 -0.017845 0.005108 0.999828 -0.263273 0.000000 0.000000 0.000000 1.000000
0.999835 0.000847 0.018126 0.011989 -0.000753 0.999986 -0.005204 1.480761 -0.018130 0.005190 0.999822 -0.263264 0.000000 0.000000 0.000000 1.000000
0.999830 0.000860 0.018395 0.011979 -0.000763 0.999986 -0.005282 1.480134 -0.018399 0.005267 0.999817 -0.263255 0.000000 0.000000 0.000000 1.000000
0.999826 0.000873 0.018646 0.011969 -0.000773 0.999985 -0.005354 1.479612 -0.018650 0.005338 0.999812 -0.263247 0.000000 0.000000 0.000000 1.000000
0.999821 0.000884 0.018879 0.011961 -0.000782 0.999985 -0.005421 1.479199 -0.018883 0.005405 0.999807 -0.263239 0.000000 0.000000 0.000000 1.000000
0.999817 0.000895 0.019092 0.011953 -0.000790 0.999985 -0.005482 1.478900 -0.019097 0.005466 0.999803 -0.263232 0.000000 0.000000 0.000000 1.000000
0.999814 0.000904 0.019286 0.011945 -0.000798 0.999984 -0.005538 1.478718 -0.019291 0.005521 0.999799 -0.263226 0.000000 0.000000 0.000000 1.000000
0.999810 0.000913 0.019459 0.011939 -0.000804 0.999984 -0.005587 1.478657 -0.019464 0.005571 0.999795 -0.263220 0.000000 0.000000 0.000000 1.000000</float_array><technique_common><accessor source="#jnt_hips-Matrix-animation-output-transform-array" count="121" stride="16"><param type="float4x4"/></accessor></technique_common></source><source id="jnt_hips-Interpolations"><Name_array id="jnt_hips-Interpolations-array" count="121">
 LINEAR LINEAR LINEAR LINEAR LINEAR LINEAR LINEAR LINEAR LINEAR LINEAR LINEAR
LINEAR LINEAR LINEAR LINEAR LINEAR LINEAR LINEAR LINEAR LINEAR LINEAR LINEAR LINEAR
LINEAR LINEAR LINEAR LINEAR LINEAR LINEAR LINEAR LINEAR LINEAR LINEAR LINEAR LINEAR
LINEAR LINEAR LINEAR LINEAR LINEAR LINEAR LINEAR LINEAR LINEAR LINEAR LINEAR LINEAR
LINEAR LINEAR LINEAR LINEAR LINEAR LINEAR LINEAR LINEAR LINEAR LINEAR LINEAR LINEAR
LINEAR LINEAR LINEAR LINEAR LINEAR LINEAR LINEAR LINEAR LINEAR LINEAR LINEAR LINEAR
LINEAR LINEAR LINEAR LINEAR LINEAR LINEAR LINEAR LINEAR LINEAR LINEAR LINEAR LINEAR
LINEAR LINEAR LINEAR LINEAR LINEAR LINEAR LINEAR LINEAR LINEAR LINEAR LINEAR LINEAR
LINEAR LINEAR LINEAR LINEAR LINEAR LINEAR LINEAR LINEAR LINEAR LINEAR LINEAR LINEAR
LINEAR LINEAR LINEAR LINEAR LINEAR LINEAR LINEAR LINEAR LINEAR LINEAR LINEAR LINEAR
LINEAR LINEAR</Name_array><technique_common><accessor source="#jnt_hips-Interpolations-array" count="121"><param type="name"/></accessor></technique_common></source><sampler id="jnt_hips-Matrix-animation-transform"><input semantic="INPUT" source="#jnt_hips-Matrix-animation-input"/><input semantic="OUTPUT" source="#jnt_hips-Matrix-animation-output-transform"/><input semantic="INTERPOLATION" source="#jnt_hips-Interpolations"/></sampler><channel source="#jnt_hips-Matrix-animation-transform" target="jnt_hips/matrix"/></animation></animation>
    <animation id="jnt_right_upleg-anim" name="jnt_right_upleg"><animation><source id="jnt_right_upleg-Matrix-animation-input"><float_array id="jnt_right_upleg-Matrix-animation-input-array" count="121">

0.000000 0.033333 0.066667 0.100000 0.133333 0.166667 0.200000 0.233333 0.266667 0.300000 0.333333 0.366667 0.400000 0.433333 0.466667 0.500000
0.533333 0.566667 0.600000 0.633333 0.666667 0.700000 0.733333 0.766667 0.800000 0.833333 0.866667 0.900000 0.933333 0.966667 1.000000 1.033333
1.066667 1.100000 1.133333 1.166667 1.200000 1.233333 1.266667 1.300000 1.333333 1.366667 1.400000 1.433333 1.466667 1.500000 1.533333 1.566667
1.600000 1.633333 1.666667 1.700000 1.733333 1.766667 1.800000 1.833333 1.866667 1.900000 1.933333 1.966667 2.000000 2.033333 2.066667 2.100000
2.133333 2.166667 2.200000 2.233333 2.266667 2.300000 2.333333 2.366667 2.400000 2.433333 2.466667 2.500000 2.533333 2.566667 2.600000 2.633333
2.666667 2.700000 2.733333 2.766667 2.800000 2.833333 2.866667 2.900000 2.933333 2.966667 3.000000 3.033333 3.066667 3.100000 3.133333 3.166667
3.200000 3.233333 3.266667 3.300000 3.333333 3.366667 3.400000 3.433333 3.466667 3.500000 3.533333 3.566667 3.600000 3.633333 3.666667 3.700000
3.733333 3.766667 3.800000 3.833333 3.866667 3.900000 3.933333 3.966667 4.000000</float_array><technique_common><accessor source="#jnt_right_upleg-Matrix-animation-input-array" count="121"><param name="TIME" type="float"/></accessor></technique_common></source><source id="jnt_right_upleg-Matrix-animation-output-transform"><float_array id="jnt_right_upleg-Matrix-animation-output-transform-array" count="1936">

-0.154631 -0.261469 -0.952745 -0.446780 -0.925030 -0.300384 0.232569 -0.111215 -0.347000 0.917280 -0.195418 0.043020 0.000000 0.000000 0.000000 1.000000
-0.154828 -0.261602 -0.952676 -0.446779 -0.925009 -0.300282 0.232788 -0.111214 -0.346969 0.917276 -0.195493 0.043020 0.000000 0.000000 0.000000 1.000000
-0.155168 -0.262110 -0.952481 -0.446780 -0.924934 -0.300134 0.233274 -0.111214 -0.347016 0.917179 -0.195864 0.043020 0.000000 0.000000 0.000000 1.000000
-0.155646 -0.262980 -0.952164 -0.446779 -0.924808 -0.299945 0.234017 -0.111214 -0.347138 0.916992 -0.196521 0.043020 0.000000 0.000000 0.000000 1.000000
-0.156255 -0.264200 -0.951726 -0.446780 -0.924631 -0.299716 0.235008 -0.111214 -0.347336 0.916716 -0.197455 0.043020 0.000000 0.000000 0.000000 1.000000
-0.156991 -0.265754 -0.951172 -0.446780 -0.924405 -0.299445 0.236236 -0.111214 -0.347604 0.916356 -0.198655 0.043020 0.000000 0.000000 0.000000 1.000000
-0.157845 -0.267632 -0.950504 -0.446780 -0.924132 -0.299135 0.237693 -0.111215 -0.347943 0.915910 -0.200111 0.043020 0.000000 0.000000 0.000000 1.000000
-0.158813 -0.269820 -0.949724 -0.446780 -0.923813 -0.298786 0.239366 -0.111214 -0.348350 0.915382 -0.201812 0.043020 0.000000 0.000000 0.000000 1.000000
-0.159887 -0.272304 -0.948834 -0.446779 -0.923449 -0.298399 0.241246 -0.111214 -0.348823 0.914772 -0.203749 0.043020 0.000000 0.000000 0.000000 1.000000
-0.161062 -0.275072 -0.947837 -0.446779 -0.923042 -0.297972 0.243323 -0.111214 -0.349360 0.914083 -0.205911 0.043020 0.000000 0.000000 0.000000 1.000000
-0.162329 -0.278110 -0.946733 -0.446780 -0.922592 -0.297509 0.245585 -0.111214 -0.349961 0.913315 -0.208287 0.043020 0.000000 0.000000 0.000000 1.000000
-0.163683 -0.281405 -0.945526 -0.446780 -0.922102 -0.297008 0.248022 -0.111214 -0.350623 0.912468 -0.210869 0.043020 0.000000 0.000000 0.000000 1.000000
-0.165115 -0.284944 -0.944216 -0.446779 -0.921571 -0.296471 0.250624 -0.111214 -0.351346 0.911544 -0.213644 0.043020 0.000000 0.000000 0.000000 1.000000
-0.166620 -0.288713 -0.942806 -0.446780 -0.921001 -0.295898 0.253379 -0.111214 -0.352128 0.910543 -0.216603 0.043020 0.000000 0.000000 0.000000 1.000000
-0.168191 -0.292700 -0.941296 -0.446780 -0.920395 -0.295288 0.256277 -0.111214 -0.352966 0.909468 -0.219734 0.043020 0.000000 0.000000 0.000000 1.000000
-0.169819 -0.296891 -0.939690 -0.446780 -0.919752 -0.294645 0.259308 -0.111214 -0.353861 0.908317 -0.223030 0.043020 0.000000 0.000000 0.000000 1.000000
-0.171499 -0.301272 -0.937989 -0.446780 -0.919075 -0.293967 0.262460 -0.111214 -0.354810 0.907094 -0.226476 0.043020 0.000000 0.000000 0.000000 1.000000
-0.173224 -0.305831 -0.936195 -0.446780 -0.918364 -0.293254 0.265724 -0.111214 -0.355809 0.905798 -0.230065 0.043020 0.000000 0.000000 0.000000 1.000000
-0.174987 -0.310553 -0.934311 -0.446780 -0.917622 -0.292510 0.269088 -0.111214 -0.356861 0.904431 -0.233785 0.043020 0.000000 0.000000 0.000000 1.000000
-0.176781 -0.315427 -0.932338 -0.446780 -0.916849 -0.291732 0.272542 -0.111214 -0.357960 0.902994 -0.237626 0.043020 0.000000 0.000000 0.000000 1.000000
-0.178599 -0.320438 -0.930281 -0.446780 -0.916048 -0.290924 0.276077 -0.111214 -0.359107 0.901489 -0.241577 0.043020 0.000000 0.000000 0.000000 1.000000
-0.180436 -0.325572 -0.928141 -0.446780 -0.915220 -0.290087 0.279681 -0.111214 -0.360298 0.899918 -0.245628 0.043020 0.000000 0.000000 0.000000 1.000000
-0.182286 -0.330818 -0.925922 -0.446780 -0.914367 -0.289221 0.283345 -0.111214 -0.361531 0.898282 -0.249768 0.043020 0.000000 0.000000 0.000000 1.000000
-0.184141 -0.336160 -0.923628 -0.446780 -0.913491 -0.288327 0.287058 -0.111214 -0.362805 0.896584 -0.253987 0.043020 0.000000 0.000000 0.000000 1.000000
-0.185996 -0.341588 -0.921262 -0.446780 -0.912592 -0.287409 0.290812 -0.111214 -0.364117 0.894826 -0.258273 0.043020 0.000000 0.000000 0.000000 1.000000
-0.187845 -0.347086 -0.918828 -0.446780 -0.911675 -0.286467 0.294595 -0.111214 -0.365464 0.893011 -0.262618 0.043020 0.000000 0.000000 0.000000 1.000000
-0.189684 -0.352641 -0.916332 -0.446780 -0.910740 -0.285502 0.298399 -0.111214 -0.366842 0.891141 -0.267009 0.043020 0.000000 0.000000 0.000000 1.000000
-0.191507 -0.358241 -0.913777 -0.446780 -0.909789 -0.284517 0.302215 -0.111214 -0.368251 0.889220 -0.271437 0.043020 0.000000 0.000000 0.000000 1.000000
-0.193309 -0.363873 -0.911169 -0.446780 -0.908825 -0.283515 0.306033 -0.111215 -0.369687 0.887252 -0.275891 0.043020 0.000000 0.000000 0.000000 1.000000
-0.195086 -0.369523 -0.908512 -0.446780 -0.907850 -0.282497 0.309845 -0.111214 -0.371147 0.885239 -0.280360 0.043020 0.000000 0.000000 0.000000 1.000000
-0.196832 -0.375178 -0.905814 -0.446780 -0.906867 -0.281464 0.313640 -0.111214 -0.372625 0.883187 -0.284835 0.043020 0.000000 0.000000 0.000000 1.000000
-0.198544 -0.380826 -0.903079 -0.446780 -0.905877 -0.280422 0.317412 -0.111214 -0.374122 0.881099 -0.289305 0.043020 0.000000 0.000000 0.000000 1.000000
-0.200218 -0.386453 -0.900315 -0.446780 -0.904883 -0.279371 0.321152 -0.111214 -0.375632 0.878980 -0.293760 0.043020 0.000000 0.000000 0.000000 1.000000
-0.201851 -0.392047 -0.897527 -0.446780 -0.903888 -0.278313 0.324851 -0.111214 -0.377150 0.876836 -0.298189 0.043020 0.000000 0.000000 0.000000 1.000000
-0.203438 -0.397596 -0.894723 -0.446780 -0.902894 -0.277253 0.328501 -0.111214 -0.378676 0.874670 -0.302584 0.043020 0.000000 0.000000 0.000000 1.000000
-0.204977 -0.403087 -0.891911 -0.446780 -0.901904 -0.276193 0.332095 -0.111214 -0.380202 0.872490 -0.306932 0.043020 0.000000 0.000000 0.000000 1.000000
-0.206467 -0.408506 -0.889098 -0.446779 -0.900919 -0.275135 0.335626 -0.111214 -0.381727 0.870301 -0.311224 0.043020 0.000000 0.000000 0.000000 1.000000
-0.207903 -0.413842 -0.886291 -0.446780 -0.899944 -0.274083 0.339086 -0.111214 -0.383245 0.868109 -0.315452 0.043020 0.000000 0.000000 0.000000 1.000000
-0.209285 -0.419083 -0.883498 -0.446780 -0.898980 -0.273041 0.342467 -0.111214 -0.384753 0.865921 -0.319604 0.043020 0.000000 0.000000 0.000000 1.000000
-0.210610 -0.424216 -0.880730 -0.446779 -0.898030 -0.272010 0.345764 -0.111214 -0.386246 0.863743 -0.323671 0.043020 0.000000 0.000000 0.000000 1.000000
-0.211876 -0.429229 -0.877993 -0.446779 -0.897097 -0.270994 0.348968 -0.111214 -0.387718 0.861583 -0.327643 0.043020 0.000000 0.000000 0.000000 1.000000
-0.213083 -0.434111 -0.875296 -0.446780 -0.896184 -0.269997 0.352075 -0.111214 -0.389167 0.859447 -0.331511 0.043020 0.000000 0.000000 0.000000 1.000000
-0.214229 -0.438848 -0.872650 -0.446780 -0.895293 -0.269020 0.355076 -0.111214 -0.390585 0.857345 -0.335265 0.043020 0.000000 0.000000 0.000000 1.000000
-0.215314 -0.443430 -0.870063 -0.446780 -0.894426 -0.268070 0.357966 -0.111214 -0.391971 0.855282 -0.338896 0.043020 0.000000 0.000000 0.000000 1.000000
-0.216337 -0.447845 -0.867544 -0.446780 -0.893587 -0.267149 0.360740 -0.111214 -0.393319 0.853268 -0.342395 0.043020 0.000000 0.000000 0.000000 1.000000
-0.217298 -0.452081 -0.865103 -0.446780 -0.892779 -0.266257 0.363390 -0.111214 -0.394622 0.851310 -0.345752 0.043020 0.000000 0.000000 0.000000 1.000000
-0.218197 -0.456127 -0.862750 -0.446779 -0.892004 -0.265402 0.365911 -0.111214 -0.395877 0.849417 -0.348958 0.043020 0.000000 0.000000 0.000000 1.000000
-0.219033 -0.459971 -0.860495 -0.446779 -0.891265 -0.264583 0.368297 -0.111214 -0.397078 0.847598 -0.352003 0.043020 0.000000 0.000000 0.000000 1.000000
-0.219807 -0.463602 -0.858346 -0.446780 -0.890564 -0.263807 0.370542 -0.111214 -0.398222 0.845860 -0.354880 0.043020 0.000000 0.000000 0.000000 1.000000
-0.220519 -0.467007 -0.856315 -0.446779 -0.889904 -0.263075 0.372642 -0.111214 -0.399302 0.844213 -0.357578 0.043020 0.000000 0.000000 0.000000 1.000000
-0.221169 -0.470177 -0.854411 -0.446780 -0.889288 -0.262392 0.374589 -0.111214 -0.400314 0.842665 -0.360090 0.043020 0.000000 0.000000 0.000000 1.000000
-0.221757 -0.473099 -0.852644 -0.446780 -0.888719 -0.261759 0.376379 -0.111214 -0.401252 0.841225 -0.362405 0.043020 0.000000 0.000000 0.000000 1.000000
-0.222284 -0.475762 -0.851023 -0.446780 -0.888198 -0.261180 0.378006 -0.111214 -0.402112 0.839902 -0.364515 0.043020 0.000000 0.000000 0.000000 1.000000
-0.222751 -0.478155 -0.849559 -0.446780 -0.887730 -0.260658 0.379465 -0.111214 -0.402887 0.838704 -0.366411 0.043020 0.000000 0.000000 0.000000 1.000000
-0.223157 -0.480266 -0.848260 -0.446780 -0.887316 -0.260196 0.380748 -0.111214 -0.403574 0.837641 -0.368083 0.043020 0.000000 0.000000 0.000000 1.000000
-0.223501 -0.482085 -0.847137 -0.446780 -0.886958 -0.259799 0.381852 -0.111214 -0.404170 0.836719 -0.369524 0.043020 0.000000 0.000000 0.000000 1.000000
-0.223786 -0.483599 -0.846199 -0.446779 -0.886660 -0.259465 0.382769 -0.111214 -0.404666 0.835949 -0.370723 0.043020 0.000000 0.000000 0.000000 1.000000
-0.224008 -0.484797 -0.845454 -0.446780 -0.886424 -0.259202 0.383494 -0.111214 -0.405060 0.835336 -0.371672 0.043020 0.000000 0.000000 0.000000 1.000000
-0.224168 -0.485667 -0.844912 -0.446779 -0.886252 -0.259011 0.384020 -0.111214 -0.405347 0.834889 -0.372362 0.043020 0.000000 0.000000 0.000000 1.000000
-0.224266 -0.486199 -0.844580 -0.446779 -0.886147 -0.258893 0.384341 -0.111214 -0.405522 0.834617 -0.372782 0.043020 0.000000 0.000000 0.000000 1.000000
-0.224299 -0.486378 -0.844468 -0.446779 -0.886112 -0.258854 0.384449 -0.111214 -0.405581 0.834525 -0.372925 0.043020 0.000000 0.000000 0.000000 1.000000
-0.224266 -0.486199 -0.844580 -0.446779 -0.886147 -0.258893 0.384341 -0.111214 -0.405522 0.834617 -0.372782 0.043020 0.000000 0.000000 0.000000 1.000000
-0.224168 -0.485668 -0.844912 -0.446779 -0.886252 -0.259011 0.384020 -0.111214 -0.405347 0.834889 -0.372362 0.043020 0.000000 0.000000 0.000000 1.000000
-0.224008 -0.484797 -0.845454 -0.446780 -0.886424 -0.259202 0.383494 -0.111214 -0.405060 0.835336 -0.371672 0.043020 0.000000 0.000000 0.000000 1.000000
-0.223786 -0.483599 -0.846199 -0.446779 -0.886660 -0.259465 0.382769 -0.111214 -0.404666 0.835949 -0.370723 0.043020 0.000000 0.000000 0.000000 1.000000
-0.223501 -0.482085 -0.847137 -0.446780 -0.886958 -0.259799 0.381852 -0.111214 -0.404170 0.836719 -0.369524 0.043020 0.000000 0.000000 0.000000 1.000000
-0.223157 -0.480266 -0.848260 -0.446780 -0.887316 -0.260196 0.380748 -0.111214 -0.403574 0.837641 -0.368083 0.043020 0.000000 0.000000 0.000000 1.000000
-0.222751 -0.478155 -0.849559 -0.446780 -0.887730 -0.260658 0.379465 -0.111214 -0.402887 0.838704 -0.366411 0.043020 0.000000 0.000000 0.000000 1.000000
-0.222284 -0.475762 -0.851023 -0.446780 -0.888198 -0.261180 0.378006 -0.111214 -0.402112 0.839902 -0.364515 0.043020 0.000000 0.000000 0.000000 1.000000
-0.221757 -0.473099 -0.852644 -0.446780 -0.888719 -0.261759 0.376379 -0.111214 -0.401252 0.841225 -0.362405 0.043020 0.000000 0.000000 0.000000 1.000000
-0.221169 -0.470177 -0.854411 -0.446780 -0.889288 -0.262392 0.374589 -0.111214 -0.400313 0.842665 -0.360090 0.043020 0.000000 0.000000 0.000000 1.000000
-0.220519 -0.467007 -0.856315 -0.446779 -0.889904 -0.263076 0.372642 -0.111214 -0.399302 0.844213 -0.357578 0.043020 0.000000 0.000000 0.000000 1.000000
-0.219807 -0.463601 -0.858346 -0.446780 -0.890564 -0.263807 0.370542 -0.111214 -0.398221 0.845860 -0.354880 0.043020 0.000000 0.000000 0.000000 1.000000
-0.219033 -0.459971 -0.860495 -0.446779 -0.891265 -0.264583 0.368297 -0.111214 -0.397078 0.847598 -0.352003 0.043020 0.000000 0.000000 0.000000 1.000000
-0.218197 -0.456127 -0.862750 -0.446779 -0.892004 -0.265402 0.365911 -0.111214 -0.395877 0.849417 -0.348958 0.043020 0.000000 0.000000 0.000000 1.000000
-0.217298 -0.452081 -0.865103 -0.446780 -0.892779 -0.266257 0.363390 -0.111214 -0.394622 0.851310 -0.345752 0.043020 0.000000 0.000000 0.000000 1.000000
-0.216337 -0.447845 -0.867544 -0.446780 -0.893587 -0.267149 0.360740 -0.111214 -0.393319 0.853268 -0.342395 0.043020 0.000000 0.000000 0.000000 1.000000
-0.215315 -0.443430 -0.870063 -0.446780 -0.894426 -0.268070 0.357967 -0.111214 -0.391971 0.855282 -0.338896 0.043020 0.000000 0.000000 0.000000 1.000000
-0.214229 -0.438848 -0.872650 -0.446780 -0.895293 -0.269021 0.355076 -0.111214 -0.390586 0.857345 -0.335265 0.043020 0.000000 0.000000 0.000000 1.000000
-0.213083 -0.434110 -0.875296 -0.446780 -0.896184 -0.269996 0.352075 -0.111214 -0.389166 0.859448 -0.331511 0.043020 0.000000 0.000000 0.000000 1.000000
-0.211876 -0.429229 -0.877993 -0.446779 -0.897097 -0.270993 0.348968 -0.111214 -0.387717 0.861583 -0.327643 0.043020 0.000000 0.000000 0.000000 1.000000
-0.210610 -0.424216 -0.880730 -0.446779 -0.898030 -0.272010 0.345764 -0.111214 -0.386246 0.863743 -0.323671 0.043020 0.000000 0.000000 0.000000 1.000000
-0.209285 -0.419083 -0.883498 -0.446780 -0.898980 -0.273041 0.342467 -0.111214 -0.384753 0.865921 -0.319604 0.043020 0.000000 0.000000 0.000000 1.000000
-0.207903 -0.413842 -0.886291 -0.446780 -0.899944 -0.274083 0.339086 -0.111214 -0.383245 0.868109 -0.315452 0.043020 0.000000 0.000000 0.000000 1.000000
-0.206467 -0.408506 -0.889098 -0.446779 -0.900919 -0.275135 0.335626 -0.111214 -0.381727 0.870301 -0.311224 0.043020 0.000000 0.000000 0.000000 1.000000
-0.204977 -0.403087 -0.891911 -0.446780 -0.901903 -0.276193 0.332095 -0.111214 -0.380203 0.872490 -0.306932 0.043020 0.000000 0.000000 0.000000 1.000000
-0.203438 -0.397596 -0.894723 -0.446780 -0.902894 -0.277253 0.328501 -0.111214 -0.378676 0.874670 -0.302584 0.043020 0.000000 0.000000 0.000000 1.000000
-0.201850 -0.392048 -0.897527 -0.446780 -0.903888 -0.278313 0.324851 -0.111214 -0.377151 0.876835 -0.298190 0.043020 0.000000 0.000000 0.000000 1.000000
-0.200218 -0.386453 -0.900315 -0.446780 -0.904883 -0.279371 0.321152 -0.111214 -0.375632 0.878980 -0.293760 0.043020 0.000000 0.000000 0.000000 1.000000
-0.198544 -0.380826 -0.903079 -0.446780 -0.905877 -0.280422 0.317412 -0.111214 -0.374122 0.881099 -0.289305 0.043020 0.000000 0.000000 0.000000 1.000000
-0.196832 -0.375178 -0.905814 -0.446780 -0.906867 -0.281464 0.313640 -0.111214 -0.372625 0.883187 -0.284835 0.043020 0.000000 0.000000 0.000000 1.000000
-0.195086 -0.369523 -0.908512 -0.446780 -0.907850 -0.282497 0.309844 -0.111214 -0.371146 0.885239 -0.280360 0.043020 0.000000 0.000000 0.000000 1.000000
-0.193309 -0.363873 -0.911169 -0.446780 -0.908825 -0.283515 0.306033 -0.111214 -0.369687 0.887252 -0.275891 0.043020 0.000000 0.000000 0.000000 1.000000
-0.191507 -0.358242 -0.913777 -0.446780 -0.909789 -0.284518 0.302215 -0.111214 -0.368252 0.889220 -0.271437 0.043020 0.000000 0.000000 0.000000 1.000000
-0.189685 -0.352641 -0.916332 -0.446780 -0.910740 -0.285502 0.298399 -0.111214 -0.366842 0.891141 -0.267009 0.043020 0.000000 0.000000 0.000000 1.000000
-0.187845 -0.347086 -0.918828 -0.446780 -0.911675 -0.286467 0.294595 -0.111214 -0.365464 0.893011 -0.262618 0.043020 0.000000 0.000000 0.000000 1.000000
-0.185996 -0.341588 -0.921262 -0.446780 -0.912592 -0.287409 0.290812 -0.111214 -0.364116 0.894826 -0.258273 0.043020 0.000000 0.000000 0.000000 1.000000
-0.184141 -0.336160 -0.923628 -0.446780 -0.913491 -0.288327 0.287058 -0.111214 -0.362805 0.896584 -0.253987 0.043020 0.000000 0.000000 0.000000 1.000000
-0.182286 -0.330818 -0.925922 -0.446780 -0.914367 -0.289221 0.283345 -0.111214 -0.361531 0.898282 -0.249768 0.043020 0.000000 0.000000 0.000000 1.000000
-0.180436 -0.325572 -0.928141 -0.446780 -0.915220 -0.290087 0.279681 -0.111214 -0.360298 0.899918 -0.245628 0.043020 0.000000 0.000000 0.000000 1.000000
-0.178600 -0.320438 -0.930281 -0.446780 -0.916048 -0.290924 0.276077 -0.111214 -0.359107 0.901489 -0.241577 0.043020 0.000000 0.000000 0.000000 1.000000
-0.176781 -0.315427 -0.932338 -0.446780 -0.916849 -0.291733 0.272542 -0.111214 -0.357961 0.902994 -0.237626 0.043020 0.000000 0.000000 0.000000 1.000000
-0.174987 -0.310554 -0.934310 -0.446780 -0.917622 -0.292509 0.269088 -0.111214 -0.356861 0.904431 -0.233785 0.043020 0.000000 0.000000 0.000000 1.000000
-0.173224 -0.305831 -0.936195 -0.446780 -0.918364 -0.293254 0.265723 -0.111214 -0.355810 0.905798 -0.230065 0.043020 0.000000 0.000000 0.000000 1.000000
-0.171499 -0.301272 -0.937989 -0.446780 -0.919075 -0.293967 0.262460 -0.111214 -0.354809 0.907094 -0.226476 0.043020 0.000000 0.000000 0.000000 1.000000
-0.169819 -0.296891 -0.939690 -0.446780 -0.919752 -0.294645 0.259308 -0.111214 -0.353861 0.908317 -0.223030 0.043020 0.000000 0.000000 0.000000 1.000000
-0.168191 -0.292700 -0.941296 -0.446780 -0.920395 -0.295289 0.256277 -0.111214 -0.352967 0.909468 -0.219734 0.043020 0.000000 0.000000 0.000000 1.000000
-0.166620 -0.288713 -0.942806 -0.446780 -0.921001 -0.295898 0.253379 -0.111214 -0.352128 0.910543 -0.216603 0.043020 0.000000 0.000000 0.000000 1.000000
-0.165115 -0.284944 -0.944216 -0.446779 -0.921571 -0.296471 0.250624 -0.111214 -0.351347 0.911544 -0.213644 0.043020 0.000000 0.000000 0.000000 1.000000
