<?xml version="1.0" encoding="utf-8"?>
<COLLADA xmlns="http://www.collada.org/2005/11/COLLADASchema" version="1.4.1">
  <asset><contributor><author></author><authoring_tool>FBX COLLADA exporter</authoring_tool><comments></comments></contributor><created>2018-03-22T14:03:46Z</created><keywords></keywords><modified>2018-03-22T14:03:46Z</modified><revision></revision><subject></subject><title></title><unit meter="0.010000" name="centimeter"></unit><up_axis>Y_UP</up_axis></asset>
  <library_animations>
    <animation id="jnt_hips-anim" name="jnt_hips"><animation><source id="jnt_hips-Matrix-animation-input"><float_array id="jnt_hips-Matrix-animation-input-array" count="121">

0.000000 0.033333 0.066667 0.100000 0.133333 0.166667 0.200000 0.233333 0.266667 0.300000 0.333333 0.366667 0.400000 0.433333 0.466667 0.500000
0.533333 0.566667 0.600000 0.633333 0.666667 0.700000 0.733333 0.766667 0.800000 0.833333 0.866667 0.900000 0.933333 0.966667 1.000000 1.033333
1.066667 1.100000 1.133333 1.166667 1.200000 1.233333 1.266667 1.300000 1.333333 1.366667 1.400000 1.433333 1.466667 1.500000 1.533333 1.566667
1.600000 1.633333 1.666667 1.700000 1.733333 1.766667 1.800000 1.833333 1.866667 1.900000 1.933333 1.966667 2.000000 2.033333 2.066667 2.100000
2.133333 2.166667 2.200000 2.233333 2.266667 2.300000 2.333333 2.366667 2.400000 2.433333 2.466667 2.500000 2.533333 2.566667 2.600000 2.633333
2.666667 2.700000 2.733333 2.766667 2.800000 2.833333 2.866667 2.900000 2.933333 2.966667 3.000000 3.033333 3.066667 3.100000 3.133333 3.166667
3.200000 3.233333 3.266667 3.300000 3.333333 3.366667 3.400000 3.433333 3.466667 3.500000 3.533333 3.566667 3.600000 3.633333 3.666667 3.700000
3.733333 3.766667 3.800000 3.833333 3.866667 3.900000 3.933333 3.966667 4.000000</float_array><technique_common><accessor source="#jnt_hips-Matrix-animation-input-array" count="121"><param name="TIME" type="float"/></accessor></technique_common></source><source id="jnt_hips-Matrix-animation-output-transform"><float_array id="jnt_hips-Matrix-animation-output-transform-array" count="1936">

0.961461 -0.010974 -0.274724 -0.018568 -0.002571 0.998801 -0.048896 2.040854 0.274931 0.047718 0.960279 -0.245722 0.000000 0.000000 0.000000 1.000000
0.961461 -0.010974 -0.274724 -0.018573 -0.002571 0.998801 -0.048896 2.041274 0.274931 0.047718 0.960279 -0.245702 0.000000 0.000000 0.000000 1.000000
0.961461 -0.010974 -0.274724 -0.018586 -0.002571 0.998801 -0.048896 2.042496 0.274931 0.047718 0.960279 -0.245644 0.000000 0.000000 0.000000 1.000000
0.961461 -0.010974 -0.274724 -0.018608 -0.002571 0.998801 -0.048896 2.044462 0.274931 0.047718 0.960279 -0.245550 0.000000 0.000000 0.000000 1.000000
0.961461 -0.010974 -0.274724 -0.018637 -0.002571 0.998801 -0.048896 2.047116 0.274931 0.047718 0.960279 -0.245423 0.000000 0.000000 0.000000 1.000000
0.961461 -0.010974 -0.274724 -0.018673 -0.002571 0.998801 -0.048896 2.050400 0.274931 0.047718 0.960279 -0.245266 0.000000 0.000000 0.000000 1.000000
0.961461 -0.010974 -0.274724 -0.018716 -0.002571 0.998801 -0.048896 2.054257 0.274931 0.047718 0.960279 -0.245082 0.000000 0.000000 0.000000 1.000000
0.961461 -0.010974 -0.274724 -0.018764 -0.002571 0.998801 -0.048896 2.058630 0.274931 0.047718 0.960279 -0.244873 0.000000 0.000000 0.000000 1.000000
0.961461 -0.010974 -0.274724 -0.018817 -0.002571 0.998801 -0.048896 2.063460 0.274931 0.047718 0.960279 -0.244642 0.000000 0.000000 0.000000 1.000000
0.961461 -0.010974 -0.274724 -0.018874 -0.002571 0.998801 -0.048896 2.068691 0.274931 0.047718 0.960279 -0.244392 0.000000 0.000000 0.000000 1.000000
0.961461 -0.010974 -0.274724 -0.018936 -0.002571 0.998801 -0.048896 2.074267 0.274931 0.047718 0.960279 -0.244126 0.000000 0.000000 0.000000 1.000000
0.961461 -0.010974 -0.274724 -0.019000 -0.002571 0.998801 -0.048896 2.080129 0.274931 0.047718 0.960279 -0.243846 0.000000 0.000000 0.000000 1.000000
0.961461 -0.010974 -0.274724 -0.019067 -0.002571 0.998801 -0.048896 2.086220 0.274931 0.047718 0.960279 -0.243555 0.000000 0.000000 0.000000 1.000000
0.961461 -0.010974 -0.274724 -0.019136 -0.002571 0.998801 -0.048896 2.092482 0.274931 0.047718 0.960279 -0.243256 0.000000 0.000000 0.000000 1.000000
0.961461 -0.010974 -0.274724 -0.019206 -0.002571 0.998801 -0.048896 2.098859 0.274931 0.047718 0.960279 -0.242951 0.000000 0.000000 0.000000 1.000000
0.961461 -0.010974 -0.274724 -0.019276 -0.002571 0.998801 -0.048896 2.105294 0.274931 0.047718 0.960279 -0.242644 0.000000 0.000000 0.000000 1.000000
0.961461 -0.010974 -0.274724 -0.019347 -0.002571 0.998801 -0.048896 2.111728 0.274931 0.047718 0.960279 -0.242336 0.000000 0.000000 0.000000 1.000000
0.961461 -0.010974 -0.274724 -0.019417 -0.002571 0.998801 -0.048896 2.118106 0.274931 0.047718 0.960279 -0.242032 0.000000 0.000000 0.000000 1.000000
0.961461 -0.010974 -0.274724 -0.019486 -0.002571 0.998801 -0.048896 2.124368 0.274931 0.047718 0.960279 -0.241732 0.000000 0.000000 0.000000 1.000000
0.961461 -0.010974 -0.274724 -0.019553 -0.002571 0.998801 -0.048896 2.130459 0.274931 0.047718 0.960279 -0.241441 0.000000 0.000000 0.000000 1.000000
0.961461 -0.010974 -0.274724 -0.019617 -0.002571 0.998801 -0.048896 2.136321 0.274931 0.047718 0.960279 -0.241161 0.000000 0.000000 0.000000 1.000000
0.961461 -0.010974 -0.274724 -0.019679 -0.002571 0.998801 -0.048896 2.141896 0.274931 0.047718 0.960279 -0.240895 0.000000 0.000000 0.000000 1.000000
0.961461 -0.010974 -0.274724 -0.019736 -0.002571 0.998801 -0.048896 2.147127 0.274931 0.047718 0.960279 -0.240645 0.000000 0.000000 0.000000 1.000000
0.961461 -0.010974 -0.274724 -0.019789 -0.002571 0.998801 -0.048896 2.151958 0.274931 0.047718 0.960279 -0.240414 0.000000 0.000000 0.000000 1.000000
0.961461 -0.010974 -0.274724 -0.019837 -0.002571 0.998801 -0.048896 2.156330 0.274931 0.047718 0.960279 -0.240205 0.000000 0.000000 0.000000 1.000000
0.961461 -0.010974 -0.274724 -0.019880 -0.002571 0.998801 -0.048896 2.160187 0.274931 0.047718 0.960279 -0.240021 0.000000 0.000000 0.000000 1.000000
0.961461 -0.010974 -0.274724 -0.019916 -0.002571 0.998801 -0.048896 2.163471 0.274931 0.047718 0.960279 -0.239864 0.000000 0.000000 0.000000 1.000000
0.961461 -0.010974 -0.274724 -0.019945 -0.002571 0.998801 -0.048896 2.166125 0.274931 0.047718 0.960279 -0.239737 0.000000 0.000000 0.000000 1.000000
0.961461 -0.010974 -0.274724 -0.019967 -0.002571 0.998801 -0.048896 2.168092 0.274931 0.047718 0.960279 -0.239643 0.000000 0.000000 0.000000 1.000000
0.961461 -0.010974 -0.274724 -0.019980 -0.002571 0.998801 -0.048896 2.169314 0.274931 0.047718 0.960279 -0.239585 0.000000 0.000000 0.000000 1.000000
0.961461 -0.010974 -0.274724 -0.019985 -0.002571 0.998801 -0.048896 2.169734 0.274931 0.047718 0.960279 -0.239565 0.000000 0.000000 0.000000 1.000000
0.961461 -0.010974 -0.274724 -0.019980 -0.002571 0.998801 -0.048896 2.169308 0.274931 0.047718 0.960279 -0.239585 0.000000 0.000000 0.000000 1.000000
0.961461 -0.010974 -0.274724 -0.019966 -0.002571 0.998801 -0.048896 2.168069 0.274931 0.047718 0.960279 -0.239645 0.000000 0.000000 0.000000 1.000000
0.961461 -0.010974 -0.274724 -0.019944 -0.002571 0.998801 -0.048896 2.166075 0.274931 0.047718 0.960279 -0.239740 0.000000 0.000000 0.000000 1.000000
0.961461 -0.010974 -0.274724 -0.019915 -0.002571 0.998801 -0.048896 2.163385 0.274931 0.047718 0.960279 -0.239868 0.000000 0.000000 0.000000 1.000000
0.961461 -0.010974 -0.274724 -0.019878 -0.002571 0.998801 -0.048896 2.160055 0.274931 0.047718 0.960279 -0.240028 0.000000 0.000000 0.000000 1.000000
0.961461 -0.010974 -0.274724 -0.019835 -0.002571 0.998801 -0.048896 2.156146 0.274931 0.047718 0.960279 -0.240214 0.000000 0.000000 0.000000 1.000000
0.961461 -0.010974 -0.274724 -0.019787 -0.002571 0.998801 -0.048896 2.151713 0.274931 0.047718 0.960279 -0.240426 0.000000 0.000000 0.000000 1.000000
0.961461 -0.010974 -0.274724 -0.019733 -0.002571 0.998801 -0.048896 2.146816 0.274931 0.047718 0.960279 -0.240660 0.000000 0.000000 0.000000 1.000000
0.961461 -0.010974 -0.274724 -0.019675 -0.002571 0.998801 -0.048896 2.141512 0.274931 0.047718 0.960279 -0.240913 0.000000 0.000000 0.000000 1.000000
0.961461 -0.010974 -0.274724 -0.019612 -0.002571 0.998801 -0.048896 2.135860 0.274931 0.047718 0.960279 -0.241183 0.000000 0.000000 0.000000 1.000000
0.961461 -0.010974 -0.274724 -0.019547 -0.002571 0.998801 -0.048896 2.129917 0.274931 0.047718 0.960279 -0.241467 0.000000 0.000000 0.000000 1.000000
0.961461 -0.010974 -0.274724 -0.019479 -0.002571 0.998801 -0.048896 2.123743 0.274931 0.047718 0.960279 -0.241762 0.000000 0.000000 0.000000 1.000000
0.961461 -0.010974 -0.274724 -0.019410 -0.002571 0.998801 -0.048896 2.117394 0.274931 0.047718 0.960279 -0.242066 0.000000 0.000000 0.000000 1.000000
0.961461 -0.010974 -0.274724 -0.019339 -0.002571 0.998801 -0.048896 2.110929 0.274931 0.047718 0.960279 -0.242374 0.000000 0.000000 0.000000 1.000000
0.961461 -0.010974 -0.274724 -0.019267 -0.002571 0.998801 -0.048896 2.104406 0.274931 0.047718 0.960279 -0.242686 0.000000 0.000000 0.000000 1.000000
0.961461 -0.010974 -0.274724 -0.019195 -0.002571 0.998801 -0.048896 2.097882 0.274931 0.047718 0.960279 -0.242998 0.000000 0.000000 0.000000 1.000000
0.961461 -0.010974 -0.274724 -0.019124 -0.002571 0.998801 -0.048896 2.091417 0.274931 0.047718 0.960279 -0.243307 0.000000 0.000000 0.000000 1.000000
0.961461 -0.010974 -0.274724 -0.019054 -0.002571 0.998801 -0.048896 2.085068 0.274931 0.047718 0.960279 -0.243610 0.000000 0.000000 0.000000 1.000000
0.961461 -0.010974 -0.274724 -0.018987 -0.002571 0.998801 -0.048896 2.078893 0.274931 0.047718 0.960279 -0.243905 0.000000 0.000000 0.000000 1.000000
0.961461 -0.010974 -0.274724 -0.018921 -0.002571 0.998801 -0.048896 2.072951 0.274931 0.047718 0.960279 -0.244189 0.000000 0.000000 0.000000 1.000000
0.961461 -0.010974 -0.274724 -0.018859 -0.002571 0.998801 -0.048896 2.067299 0.274931 0.047718 0.960279 -0.244459 0.000000 0.000000 0.000000 1.000000
0.961461 -0.010974 -0.274723 -0.018801 -0.002571 0.998801 -0.048896 2.061996 0.274931 0.047718 0.960279 -0.244712 0.000000 0.000000 0.000000 1.000000
0.961461 -0.010974 -0.274723 -0.018747 -0.002571 0.998801 -0.048896 2.057098 0.274931 0.047718 0.960279 -0.244946 0.000000 0.000000 0.000000 1.000000
0.961461 -0.010974 -0.274723 -0.018698 -0.002571 0.998801 -0.048896 2.052665 0.274931 0.047718 0.960279 -0.245158 0.000000 0.000000 0.000000 1.000000
0.961461 -0.010974 -0.274723 -0.018655 -0.002571 0.998801 -0.048896 2.048756 0.274931 0.047718 0.960279 -0.245345 0.000000 0.000000 0.000000 1.000000
0.961461 -0.010974 -0.274723 -0.018619 -0.002571 0.998801 -0.048896 2.045426 0.274931 0.047718 0.960279 -0.245504 0.000000 0.000000 0.000000 1.000000
0.961461 -0.010974 -0.274723 -0.018589 -0.002571 0.998801 -0.048896 2.042736 0.274931 0.047718 0.960279 -0.245632 0.000000 0.000000 0.000000 1.000000
0.961461 -0.010974 -0.274723 -0.018567 -0.002571 0.998801 -0.048896 2.040742 0.274931 0.047718 0.960279 -0.245728 0.000000 0.000000 0.000000 1.000000
0.961461 -0.010974 -0.274723 -0.018554 -0.002571 0.998801 -0.048896 2.039503 0.274931 0.047718 0.960279 -0.245787 0.000000 0.000000 0.000000 1.000000
0.961461 -0.010974 -0.274723 -0.018549 -0.002571 0.998801 -0.048896 2.039077 0.274931 0.047718 0.960279 -0.245807 0.000000 0.000000 0.000000 1.000000
0.961461 -0.010974 -0.274723 -0.018553 -0.002571 0.998801 -0.048896 2.039400 0.274931 0.047718 0.960279 -0.245792 0.000000 0.000000 0.000000 1.000000
0.961461 -0.010974 -0.274723 -0.018563 -0.002571 0.998801 -0.048896 2.040338 0.274931 0.047718 0.960279 -0.245747 0.000000 0.000000 0.000000 1.000000
0.961461 -0.010974 -0.274723 -0.018580 -0.002571 0.998801 -0.048896 2.041848 0.274931 0.047718 0.960279 -0.245675 0.000000 0.000000 0.000000 1.000000
0.961461 -0.010974 -0.274723 -0.018602 -0.002571 0.998801 -0.048896 2.043887 0.274931 0.047718 0.960279 -0.245577 0.000000 0.000000 0.000000 1.000000
0.961461 -0.010974 -0.274723 -0.018630 -0.002571 0.998801 -0.048896 2.046409 0.274931 0.047718 0.960279 -0.245457 0.000000 0.000000 0.000000 1.000000
0.961461 -0.010974 -0.274723 -0.018662 -0.002571 0.998801 -0.048896 2.049371 0.274931 0.047718 0.960279 -0.245315 0.000000 0.000000 0.000000 1.000000
0.961461 -0.010974 -0.274723 -0.018699 -0.002571 0.998801 -0.048896 2.052728 0.274931 0.047718 0.960279 -0.245155 0.000000 0.000000 0.000000 1.000000
0.961461 -0.010974 -0.274723 -0.018740 -0.002571 0.998801 -0.048896 2.056438 0.274931 0.047718 0.960279 -0.244978 0.000000 0.000000 0.000000 1.000000
0.961461 -0.010974 -0.274724 -0.018784 -0.002571 0.998801 -0.048896 2.060456 0.274931 0.047718 0.960279 -0.244786 0.000000 0.000000 0.000000 1.000000
0.961461 -0.010974 -0.274724 -0.018831 -0.002571 0.998801 -0.048896 2.064737 0.274931 0.047718 0.960279 -0.244581 0.000000 0.000000 0.000000 1.000000
0.961461 -0.010974 -0.274724 -0.018881 -0.002571 0.998801 -0.048896 2.069238 0.274931 0.047718 0.960279 -0.244366 0.000000 0.000000 0.000000 1.000000
0.961461 -0.010974 -0.274724 -0.018932 -0.002571 0.998801 -0.048896 2.073916 0.274931 0.047718 0.960279 -0.244143 0.000000 0.000000 0.000000 1.000000
0.961461 -0.010974 -0.274724 -0.018985 -0.002571 0.998801 -0.048896 2.078725 0.274931 0.047718 0.960279 -0.243913 0.000000 0.000000 0.000000 1.000000
0.961461 -0.010974 -0.274724 -0.019039 -0.002571 0.998801 -0.048896 2.083622 0.274931 0.047718 0.960279 -0.243679 0.000000 0.000000 0.000000 1.000000
0.961461 -0.010974 -0.274724 -0.019093 -0.002571 0.998801 -0.048896 2.088564 0.274931 0.047718 0.960279 -0.243443 0.000000 0.000000 0.000000 1.000000
0.961461 -0.010974 -0.274724 -0.019147 -0.002571 0.998801 -0.048896 2.093505 0.274931 0.047718 0.960279 -0.243207 0.000000 0.000000 0.000000 1.000000
0.961461 -0.010974 -0.274724 -0.019201 -0.002571 0.998801 -0.048896 2.098402 0.274931 0.047718 0.960279 -0.242973 0.000000 0.000000 0.000000 1.000000
0.961461 -0.010974 -0.274724 -0.019254 -0.002571 0.998801 -0.048896 2.103212 0.274931 0.047718 0.960279 -0.242743 0.000000 0.000000 0.000000 1.000000
0.961461 -0.010974 -0.274724 -0.019305 -0.002571 0.998801 -0.048896 2.107889 0.274931 0.047718 0.960279 -0.242520 0.000000 0.000000 0.000000 1.000000
0.961461 -0.010974 -0.274724 -0.019355 -0.002571 0.998801 -0.048896 2.112391 0.274931 0.047718 0.960279 -0.242305 0.000000 0.000000 0.000000 1.000000
0.961461 -0.010974 -0.274724 -0.019402 -0.002571 0.998801 -0.048896 2.116672 0.274931 0.047718 0.960279 -0.242100 0.000000 0.000000 0.000000 1.000000
0.961461 -0.010974 -0.274724 -0.019446 -0.002571 0.998801 -0.048896 2.120690 0.274931 0.047718 0.960279 -0.241908 0.000000 0.000000 0.000000 1.000000
0.961461 -0.010974 -0.274724 -0.019487 -0.002571 0.998801 -0.048896 2.124399 0.274931 0.047718 0.960279 -0.241731 0.000000 0.000000 0.000000 1.000000
0.961461 -0.010974 -0.274724 -0.019524 -0.002571 0.998801 -0.048896 2.127757 0.274931 0.047718 0.960279 -0.241571 0.000000 0.000000 0.000000 1.000000
0.961461 -0.010974 -0.274724 -0.019556 -0.002571 0.998801 -0.048896 2.130719 0.274931 0.047718 0.960279 -0.241429 0.000000 0.000000 0.000000 1.000000
0.961461 -0.010974 -0.274724 -0.019584 -0.002571 0.998801 -0.048896 2.133241 0.274931 0.047718 0.960279 -0.241309 0.000000 0.000000 0.000000 1.000000
0.961461 -0.010974 -0.274724 -0.019606 -0.002571 0.998801 -0.048896 2.135279 0.274931 0.047718 0.960279 -0.241211 0.000000 0.000000 0.000000 1.000000
0.961461 -0.010974 -0.274724 -0.019623 -0.002571 0.998801 -0.048896 2.136790 0.274931 0.047718 0.960279 -0.241139 0.000000 0.000000 0.000000 1.000000
0.961461 -0.010974 -0.274724 -0.019633 -0.002571 0.998801 -0.048896 2.137727 0.274931 0.047718 0.960279 -0.241094 0.000000 0.000000 0.000000 1.000000
0.961461 -0.010974 -0.274724 -0.019637 -0.002571 0.998801 -0.048896 2.138050 0.274931 0.047718 0.960279 -0.241079 0.000000 0.000000 0.000000 1.000000
0.961461 -0.010974 -0.274724 -0.019633 -0.002571 0.998801 -0.048896 2.137712 0.274931 0.047718 0.960279 -0.241095 0.000000 0.000000 0.000000 1.000000
0.961461 -0.010974 -0.274724 -0.019622 -0.002571 0.998801 -0.048896 2.136728 0.274931 0.047718 0.960279 -0.241142 0.000000 0.000000 0.000000 1.000000
0.961461 -0.010974 -0.274724 -0.019605 -0.002571 0.998801 -0.048896 2.135145 0.274931 0.047718 0.960279 -0.241218 0.000000 0.000000 0.000000 1.000000
0.961461 -0.010974 -0.274724 -0.019581 -0.002571 0.998801 -0.048896 2.133013 0.274931 0.047718 0.960279 -0.241319 0.000000 0.000000 0.000000 1.000000
0.961461 -0.010974 -0.274724 -0.019552 -0.002571 0.998801 -0.048896 2.130379 0.274931 0.047718 0.960279 -0.241445 0.000000 0.000000 0.000000 1.000000
0.961461 -0.010974 -0.274724 -0.019518 -0.002571 0.998801 -0.048896 2.127290 0.274931 0.047718 0.960279 -0.241593 0.000000 0.000000 0.000000 1.000000
0.961461 -0.010974 -0.274724 -0.019480 -0.002571 0.998801 -0.048896 2.123795 0.274931 0.047718 0.960279 -0.241760 0.000000 0.000000 0.000000 1.000000
0.961461 -0.010974 -0.274724 -0.019438 -0.002571 0.998801 -0.048896 2.119941 0.274931 0.047718 0.960279 -0.241944 0.000000 0.000000 0.000000 1.000000
0.961461 -0.010974 -0.274724 -0.019392 -0.002571 0.998801 -0.048896 2.115777 0.274931 0.047718 0.960279 -0.242143 0.000000 0.000000 0.000000 1.000000
0.961461 -0.010974 -0.274724 -0.019343 -0.002571 0.998801 -0.048896 2.111349 0.274931 0.047718 0.960279 -0.242354 0.000000 0.000000 0.000000 1.000000
0.961461 -0.010974 -0.274724 -0.019292 -0.002571 0.998801 -0.048896 2.106706 0.274931 0.047718 0.960279 -0.242576 0.000000 0.000000 0.000000 1.000000
0.961461 -0.010974 -0.274724 -0.019239 -0.002571 0.998801 -0.048896 2.101896 0.274931 0.047718 0.960279 -0.242806 0.000000 0.000000 0.000000 1.000000
0.961461 -0.010974 -0.274724 -0.019185 -0.002571 0.998801 -0.048896 2.096966 0.274931 0.047718 0.960279 -0.243042 0.000000 0.000000 0.000000 1.000000
0.961461 -0.010974 -0.274724 -0.019130 -0.002571 0.998801 -0.048896 2.091965 0.274931 0.047718 0.960279 -0.243280 0.000000 0.000000 0.000000 1.000000
0.961461 -0.010974 -0.274724 -0.019075 -0.002571 0.998801 -0.048896 2.086939 0.274931 0.047718 0.960279 -0.243521 0.000000 0.000000 0.000000 1.000000
0.961461 -0.010974 -0.274724 -0.019020 -0.002571 0.998801 -0.048896 2.081938 0.274931 0.047718 0.960279 -0.243759 0.000000 0.000000 0.000000 1.000000
0.961461 -0.010974 -0.274724 -0.018966 -0.002571 0.998801 -0.048896 2.077008 0.274931 0.047718 0.960279 -0.243995 0.000000 0.000000 0.000000 1.000000
0.961461 -0.010974 -0.274724 -0.018913 -0.002571 0.998801 -0.048896 2.072198 0.274931 0.047718 0.960279 -0.244225 0.000000 0.000000 0.000000 1.000000
0.961461 -0.010974 -0.274724 -0.018862 -0.002571 0.998801 -0.048896 2.067555 0.274931 0.047718 0.960279 -0.244447 0.000000 0.000000 0.000000 1.000000
0.961461 -0.010974 -0.274724 -0.018813 -0.002571 0.998801 -0.048896 2.063128 0.274931 0.047718 0.960279 -0.244658 0.000000 0.000000 0.000000 1.000000
0.961461 -0.010974 -0.274724 -0.018768 -0.002571 0.998801 -0.048896 2.058963 0.274931 0.047718 0.960279 -0.244857 0.000000 0.000000 0.000000 1.000000
0.961461 -0.010974 -0.274724 -0.018725 -0.002571 0.998801 -0.048896 2.055109 0.274931 0.047718 0.960279 -0.245041 0.000000 0.000000 0.000000 1.000000
0.961461 -0.010974 -0.274724 -0.018687 -0.002571 0.998801 -0.048896 2.051614 0.274931 0.047718 0.960279 -0.245208 0.000000 0.000000 0.000000 1.000000
0.961461 -0.010974 -0.274724 -0.018653 -0.002571 0.998801 -0.048896 2.048525 0.274931 0.047718 0.960279 -0.245356 0.000000 0.000000 0.000000 1.000000
0.961461 -0.010974 -0.274724 -0.018624 -0.002571 0.998801 -0.048896 2.045891 0.274931 0.047718 0.960279 -0.245482 0.000000 0.000000 0.000000 1.000000
0.961461 -0.010974 -0.274724 -0.018600 -0.002571 0.998801 -0.048896 2.043759 0.274931 0.047718 0.960279 -0.245583 0.000000 0.000000 0.000000 1.000000
0.961461 -0.010974 -0.274724 -0.018583 -0.002571 0.998801 -0.048896 2.042177 0.274931 0.047718 0.960279 -0.245659 0.000000 0.000000 0.000000 1.000000
0.961461 -0.010974 -0.274724 -0.018572 -0.002571 0.998801 -0.048896 2.041193 0.274931 0.047718 0.960279 -0.245706 0.000000 0.000000 0.000000 1.000000
0.961461 -0.010974 -0.274724 -0.018569 -0.002571 0.998801 -0.048896 2.040854 0.274931 0.047718 0.960279 -0.245722 0.000000 0.000000 0.000000 1.000000
0.961461 -0.010974 -0.274724 -0.018568 -0.002571 0.998801 -0.048896 2.040854 0.274931 0.047718 0.960279 -0.245722 0.000000 0.000000 0.000000 1.000000</float_array><technique_common><accessor source="#jnt_hips-Matrix-animation-output-transform-array" count="121" stride="16"><param type="float4x4"/></accessor></technique_common></source><source id="jnt_hips-Interpolations"><Name_array id="jnt_hips-Interpolations-array" count="121">
 LINEAR LINEAR LINEAR LINEAR LINEAR LINEAR LINEAR LINEAR LINEAR LINEAR LINEAR
LINEAR LINEAR LINEAR LINEAR LINEAR LINEAR LINEAR LINEAR LINEAR LINEAR LINEAR LINEAR
LINEAR LINEAR LINEAR LINEAR LINEAR LINEAR LINEAR LINEAR LINEAR LINEAR LINEAR LINEAR
LINEAR LINEAR LINEAR LINEAR LINEAR LINEAR LINEAR LINEAR LINEAR LINEAR LINEAR LINEAR
LINEAR LINEAR LINEAR LINEAR LINEAR LINEAR LINEAR LINEAR LINEAR LINEAR LINEAR LINEAR
LINEAR LINEAR LINEAR LINEAR LINEAR LINEAR LINEAR LINEAR LINEAR LINEAR LINEAR LINEAR
LINEAR LINEAR LINEAR LINEAR LINEAR LINEAR LINEAR LINEAR LINEAR LINEAR LINEAR LINEAR
LINEAR LINEAR LINEAR LINEAR LINEAR LINEAR LINEAR LINEAR LINEAR LINEAR LINEAR LINEAR
LINEAR LINEAR LINEAR LINEAR LINEAR LINEAR LINEAR LINEAR LINEAR LINEAR LINEAR LINEAR
LINEAR LINEAR LINEAR LINEAR LINEAR LINEAR LINEAR LINEAR LINEAR LINEAR LINEAR LINEAR
LINEAR LINEAR</Name_array><technique_common><accessor source="#jnt_hips-Interpolations-array" count="121"><param type="name"/></accessor></technique_common></source><sampler id="jnt_hips-Matrix-animation-transform"><input semantic="INPUT" source="#jnt_hips-Matrix-animation-input"/><input semantic="OUTPUT" source="#jnt_hips-Matrix-animation-output-transform"/><input semantic="INTERPOLATION" source="#jnt_hips-Interpolations"/></sampler><channel source="#jnt_hips-Matrix-animation-transform" target="jnt_hips/matrix"/></animation></animation>
    <animation id="jnt_right_upleg-anim" name="jnt_right_upleg"><animation><source id="jnt_right_upleg-Matrix-animation-input"><float_array id="jnt_right_upleg-Matrix-animation-input-array" count="121">

0.000000 0.033333 0.066667 0.100000 0.133333 0.166667 0.200000 0.233333 0.266667 0.300000 0.333333 0.366667 0.400000 0.433333 0.466667 0.500000
0.533333 0.566667 0.600000 0.633333 0.666667 0.700000 0.733333 0.766667 0.800000 0.833333 0.866667 0.900000 0.933333 0.966667 1.000000 1.033333
1.066667 1.100000 1.133333 1.166667 1.200000 1.233333 1.266667 1.300000 1.333333 1.366667 1.400000 1.433333 1.466667 1.500000 1.533333 1.566667
1.600000 1.633333 1.666667 1.700000 1.733333 1.766667 1.800000 1.833333 1.866667 1.900000 1.933333 1.966667 2.000000 2.033333 2.066667 2.100000
2.133333 2.166667 2.200000 2.233333 2.266667 2.300000 2.333333 2.366667 2.400000 2.433333 2.466667 2.500000 2.533333 2.566667 2.600000 2.633333
2.666667 2.700000 2.733333 2.766667 2.800000 2.833333 2.866667 2.900000 2.933333 2.966667 3.000000 3.033333 3.066667 3.100000 3.133333 3.166667
3.200000 3.233333 3.266667 3.300000 3.333333 3.366667 3.400000 3.433333 3.466667 3.500000 3.533333 3.566667 3.600000 3.633333 3.666667 3.700000
3.733333 3.766667 3.800000 3.833333 3.866667 3.900000 3.933333 3.966667 4.000000</float_array><technique_common><accessor source="#jnt_right_upleg-Matrix-animation-input-array" count="121"><param name="TIME" type="float"/></accessor></technique_common></source><source id="jnt_right_upleg-Matrix-animation-output-transform"><float_array id="jnt_right_upleg-Matrix-animation-output-transform-array" count="1936">

-0.006350 0.068499 -0.997631 -0.446780 -0.641650 0.764906 0.056604 -0.111214 0.766971 0.640489 0.039095 0.043020 0.000000 0.000000 0.000000 1.000000
-0.006603 0.068486 -0.997630 -0.446780 -0.643509 0.763338 0.056661 -0.111214 0.765410 0.642359 0.039032 0.043020 0.000000 0.000000 0.000000 1.000000
-0.007335 0.068445 -0.997628 -0.446780 -0.648882 0.758764 0.056828 -0.111214 0.760854 0.647760 0.038847 0.043020 0.000000 0.000000 0.000000 1.000000
-0.008505 0.068369 -0.997624 -0.446780 -0.657424 0.751355 0.057097 -0.111214 0.753473 0.656347 0.038557 0.043020 0.000000 0.000000 0.000000 1.000000
-0.010070 0.068247 -0.997618 -0.446780 -0.668748 0.741266 0.057460 -0.111214 0.743421 0.667733 0.038176 0.043020 0.000000 0.000000 0.000000 1.000000
-0.011980 0.068064 -0.997609 -0.446780 -0.682441 0.728643 0.057908 -0.111214 0.730842 0.681504 0.037720 0.043020 0.000000 0.000000 0.000000 1.000000
-0.014191 0.067807 -0.997598 -0.446780 -0.698086 0.713625 0.058436 -0.111214 0.715873 0.697238 0.037208 0.043020 0.000000 0.000000 0.000000 1.000000
-0.016655 0.067460 -0.997583 -0.446780 -0.715268 0.696352 0.059032 -0.111214 0.698651 0.714523 0.036655 0.043020 0.000000 0.000000 0.000000 1.000000
-0.019327 0.067012 -0.997565 -0.446780 -0.733591 0.676965 0.059688 -0.111214 0.679316 0.732959 0.036076 0.043020 0.000000 0.000000 0.000000 1.000000
-0.022161 0.066450 -0.997544 -0.446780 -0.752679 0.655612 0.060394 -0.111214 0.658015 0.752168 0.035487 0.043020 0.000000 0.000000 0.000000 1.000000
-0.025117 0.065766 -0.997519 -0.446780 -0.772188 0.632446 0.061140 -0.111214 0.634898 0.771807 0.034899 0.043020 0.000000 0.000000 0.000000 1.000000
-0.028155 0.064953 -0.997491 -0.446780 -0.791805 0.607628 0.061916 -0.111214 0.610125 0.791562 0.034322 0.043020 0.000000 0.000000 0.000000 1.000000
-0.031239 0.064009 -0.997460 -0.446780 -0.811253 0.581323 0.062712 -0.111214 0.583860 0.811152 0.033767 0.043020 0.000000 0.000000 0.000000 1.000000
-0.034337 0.062933 -0.997427 -0.446780 -0.830285 0.553708 0.063519 -0.111214 0.556281 0.830329 0.033239 0.043020 0.000000 0.000000 0.000000 1.000000
-0.037416 0.061729 -0.997391 -0.446780 -0.848687 0.524969 0.064328 -0.111214 0.527570 0.848880 0.032746 0.043020 0.000000 0.000000 0.000000 1.000000
-0.040449 0.060403 -0.997354 -0.446780 -0.866278 0.495298 0.065130 -0.111214 0.497921 0.866621 0.032292 0.043020 0.000000 0.000000 0.000000 1.000000
-0.043412 0.058966 -0.997316 -0.446780 -0.882903 0.464905 0.065919 -0.111214 0.467544 0.883395 0.031879 0.043020 0.000000 0.000000 0.000000 1.000000
-0.046282 0.057431 -0.997276 -0.446780 -0.898435 0.434012 0.066689 -0.111214 0.436660 0.899075 0.031511 0.043020 0.000000 0.000000 0.000000 1.000000
-0.049040 0.055813 -0.997236 -0.446780 -0.912773 0.402863 0.067433 -0.111214 0.405513 0.913557 0.031189 0.043020 0.000000 0.000000 0.000000 1.000000
-0.051669 0.054132 -0.997196 -0.446780 -0.925840 0.371719 0.068150 -0.111214 0.374366 0.926766 0.030912 0.043020 0.000000 0.000000 0.000000 1.000000
-0.054153 0.052412 -0.997156 -0.446780 -0.937584 0.340879 0.068835 -0.111214 0.343518 0.938645 0.030681 0.043020 0.000000 0.000000 0.000000 1.000000
-0.056478 0.050676 -0.997117 -0.446780 -0.947976 0.310667 0.069484 -0.111214 0.313293 0.949167 0.030494 0.043020 0.000000 0.000000 0.000000 1.000000
-0.058631 0.048956 -0.997079 -0.446780 -0.957012 0.281450 0.070094 -0.111214 0.284060 0.958326 0.030350 0.043020 0.000000 0.000000 0.000000 1.000000
-0.060599 0.047285 -0.997042 -0.446780 -0.964714 0.253642 0.070663 -0.111214 0.256233 0.966142 0.030246 0.043020 0.000000 0.000000 0.000000 1.000000
-0.062365 0.045700 -0.997007 -0.446780 -0.971125 0.227704 0.071184 -0.111214 0.230275 0.972657 0.030180 0.043020 0.000000 0.000000 0.000000 1.000000
-0.063916 0.044242 -0.996974 -0.446780 -0.976314 0.204150 0.071651 -0.111214 0.206702 0.977939 0.030146 0.043020 0.000000 0.000000 0.000000 1.000000
-0.065231 0.042957 -0.996945 -0.446780 -0.980368 0.183540 0.072054 -0.111214 0.186074 0.982073 0.030141 0.043020 0.000000 0.000000 0.000000 1.000000
-0.066289 0.041891 -0.996921 -0.446780 -0.983385 0.166478 0.072385 -0.111214 0.168998 0.985155 0.030160 0.043020 0.000000 0.000000 0.000000 1.000000
-0.067069 0.041094 -0.996902 -0.446780 -0.985464 0.153578 0.072630 -0.111214 0.156087 0.987282 0.030196 0.043020 0.000000 0.000000 0.000000 1.000000
-0.067542 0.040612 -0.996890 -0.446780 -0.986686 0.145445 0.072775 -0.111214 0.147948 0.988532 0.030248 0.043020 0.000000 0.000000 0.000000 1.000000
-0.067684 0.040486 -0.996885 -0.446780 -0.987095 0.142624 0.072811 -0.111214 0.145128 0.988949 0.030310 0.043020 0.000000 0.000000 0.000000 1.000000
-0.067497 0.040760 -0.996887 -0.446780 -0.986681 0.145489 0.072755 -0.111214 0.148001 0.988520 0.030397 0.043020 0.000000 0.000000 0.000000 1.000000
-0.067016 0.041433 -0.996891 -0.446780 -0.985433 0.153772 0.072637 -0.111214 0.156304 0.987237 0.030525 0.043020 0.000000 0.000000 0.000000 1.000000
-0.066260 0.042460 -0.996899 -0.446780 -0.983301 0.166936 0.072466 -0.111214 0.169495 0.985053 0.030690 0.043020 0.000000 0.000000 0.000000 1.000000
-0.065253 0.043791 -0.996907 -0.446780 -0.980194 0.184386 0.072259 -0.111214 0.186980 0.981878 0.030892 0.043020 0.000000 0.000000 0.000000 1.000000
-0.064015 0.045376 -0.996917 -0.446780 -0.976001 0.205511 0.072026 -0.111214 0.208145 0.977602 0.031132 0.043020 0.000000 0.000000 0.000000 1.000000
-0.062564 0.047165 -0.996926 -0.446780 -0.970606 0.229719 0.071780 -0.111214 0.232399 0.972113 0.031407 0.043020 0.000000 0.000000 0.000000 1.000000
-0.060919 0.049110 -0.996934 -0.446780 -0.963907 0.256449 0.071533 -0.111214 0.259176 0.965309 0.031715 0.043020 0.000000 0.000000 0.000000 1.000000
-0.059093 0.051169 -0.996940 -0.446780 -0.955817 0.285185 0.071293 -0.111214 0.287960 0.957106 0.032056 0.043020 0.000000 0.000000 0.000000 1.000000
-0.057104 0.053302 -0.996944 -0.446780 -0.946276 0.315454 0.071068 -0.111214 0.318278 0.947443 0.032425 0.043020 0.000000 0.000000 0.000000 1.000000
-0.054964 0.055475 -0.996946 -0.446780 -0.935245 0.346837 0.070862 -0.111214 0.349708 0.936284 0.032819 0.043020 0.000000 0.000000 0.000000 1.000000
-0.052689 0.057658 -0.996945 -0.446780 -0.922717 0.378943 0.070682 -0.111214 0.381860 0.923622 0.033236 0.043020 0.000000 0.000000 0.000000 1.000000
-0.050291 0.059822 -0.996941 -0.446780 -0.908709 0.411430 0.070528 -0.111214 0.414391 0.909476 0.033670 0.043020 0.000000 0.000000 0.000000 1.000000
-0.047786 0.061945 -0.996935 -0.446780 -0.893266 0.443981 0.070404 -0.111214 0.446981 0.893893 0.034118 0.043020 0.000000 0.000000 0.000000 1.000000
-0.045190 0.064007 -0.996926 -0.446780 -0.876466 0.476302 0.070310 -0.111214 0.479338 0.876949 0.034575 0.043020 0.000000 0.000000 0.000000 1.000000
-0.042524 0.065990 -0.996914 -0.446780 -0.858412 0.508127 0.070251 -0.111214 0.511195 0.858750 0.035039 0.043020 0.000000 0.000000 0.000000 1.000000
-0.039803 0.067879 -0.996899 -0.446780 -0.839242 0.539205 0.070223 -0.111214 0.542299 0.839435 0.035504 0.043020 0.000000 0.000000 0.000000 1.000000
-0.037053 0.069661 -0.996882 -0.446780 -0.819128 0.569296 0.070228 -0.111214 0.572413 0.819176 0.035967 0.043020 0.000000 0.000000 0.000000 1.000000
-0.034294 0.071327 -0.996863 -0.446780 -0.798273 0.598184 0.070263 -0.111214 0.601319 0.798178 0.036424 0.043020 0.000000 0.000000 0.000000 1.000000
-0.031555 0.072869 -0.996842 -0.446780 -0.776921 0.625658 0.070329 -0.111214 0.628807 0.776687 0.036871 0.043020 0.000000 0.000000 0.000000 1.000000
-0.028862 0.074280 -0.996820 -0.446780 -0.755355 0.651521 0.070420 -0.111214 0.654680 0.754985 0.037303 0.043020 0.000000 0.000000 0.000000 1.000000
-0.026248 0.075556 -0.996796 -0.446780 -0.733891 0.675595 0.070534 -0.111214 0.678759 0.733391 0.037717 0.043020 0.000000 0.000000 0.000000 1.000000
-0.023745 0.076696 -0.996772 -0.446780 -0.712886 0.697710 0.070667 -0.111214 0.700877 0.712263 0.038108 0.043020 0.000000 0.000000 0.000000 1.000000
-0.021389 0.077697 -0.996748 -0.446780 -0.692730 0.717712 0.070811 -0.111214 0.720880 0.691992 0.038472 0.043020 0.000000 0.000000 0.000000 1.000000
-0.019218 0.078559 -0.996724 -0.446780 -0.673841 0.735461 0.070959 -0.111214 0.738626 0.672998 0.038803 0.043020 0.000000 0.000000 0.000000 1.000000
-0.017271 0.079287 -0.996702 -0.446780 -0.656661 0.750826 0.071107 -0.111214 0.753988 0.655724 0.039097 0.043020 0.000000 0.000000 0.000000 1.000000
-0.015589 0.079880 -0.996683 -0.446780 -0.641642 0.763688 0.071242 -0.111214 0.766846 0.640624 0.039350 0.043020 0.000000 0.000000 0.000000 1.000000
-0.014213 0.080342 -0.996666 -0.446780 -0.629238 0.773929 0.071360 -0.111214 0.777082 0.628155 0.039554 0.043020 0.000000 0.000000 0.000000 1.000000
-0.013183 0.080673 -0.996653 -0.446780 -0.619891 0.781428 0.071451 -0.111214 0.784577 0.618759 0.039707 0.043020 0.000000 0.000000 0.000000 1.000000
-0.012539 0.080875 -0.996645 -0.446780 -0.614016 0.786047 0.071511 -0.111214 0.789194 0.612853 0.039802 0.043020 0.000000 0.000000 0.000000 1.000000
-0.012317 0.080943 -0.996643 -0.446780 -0.611985 0.787628 0.071531 -0.111214 0.790774 0.610811 0.039835 0.043020 0.000000 0.000000 0.000000 1.000000
-0.012367 0.080757 -0.996657 -0.446780 -0.613879 0.786172 0.071319 -0.111214 0.789303 0.612709 0.039853 0.043020 0.000000 0.000000 0.000000 1.000000
-0.012512 0.080219 -0.996699 -0.446780 -0.619363 0.781914 0.070707 -0.111214 0.785005 0.618203 0.039902 0.043020 0.000000 0.000000 0.000000 1.000000
-0.012746 0.079361 -0.996764 -0.446780 -0.628091 0.775009 0.069737 -0.111214 0.778036 0.626947 0.039968 0.043020 0.000000 0.000000 0.000000 1.000000
-0.013062 0.078217 -0.996851 -0.446780 -0.639688 0.765580 0.068452 -0.111214 0.768524 0.638568 0.040034 0.043020 0.000000 0.000000 0.000000 1.000000
-0.013457 0.076822 -0.996954 -0.446780 -0.653758 0.753740 0.066905 -0.111214 0.756584 0.652667 0.040080 0.043020 0.000000 0.000000 0.000000 1.000000
-0.013925 0.075213 -0.997070 -0.446780 -0.669893 0.739594 0.065146 -0.111214 0.742327 0.668837 0.040085 0.043020 0.000000 0.000000 0.000000 1.000000
-0.014467 0.073419 -0.997196 -0.446780 -0.687692 0.723244 0.063226 -0.111214 0.725858 0.686679 0.040026 0.043020 0.000000 0.000000 0.000000 1.000000
-0.015080 0.071470 -0.997329 -0.446780 -0.706769 0.704793 0.061193 -0.111214 0.707283 0.705804 0.039885 0.043020 0.000000 0.000000 0.000000 1.000000
-0.015764 0.069391 -0.997465 -0.446780 -0.726759 0.684346 0.059094 -0.111214 0.686712 0.725848 0.039642 0.043020 0.000000 0.000000 0.000000 1.000000
-0.016519 0.067201 -0.997603 -0.446780 -0.747317 0.662021 0.056970 -0.111214 0.664262 0.746467 0.039285 0.043020 0.000000 0.000000 0.000000 1.000000
-0.017343 0.064917 -0.997740 -0.446780 -0.768134 0.637934 0.054859 -0.111214 0.640054 0.767350 0.038801 0.043020 0.000000 0.000000 0.000000 1.000000
-0.018235 0.062551 -0.997875 -0.446780 -0.788927 0.612215 0.052793 -0.111214 0.614216 0.788214 0.038184 0.043020 0.000000 0.000000 0.000000 1.000000
-0.019190 0.060113 -0.998007 -0.446780 -0.809438 0.585003 0.050800 -0.111214 0.586891 0.808800 0.037432 0.043020 0.000000 0.000000 0.000000 1.000000
-0.020200 0.057610 -0.998135 -0.446780 -0.829444 0.556446 0.048903 -0.111214 0.558225 0.828884 0.036544 0.043020 0.000000 0.000000 0.000000 1.000000
-0.021258 0.055050 -0.998257 -0.446780 -0.848740 0.526706 0.047120 -0.111214 0.528382 0.848263 0.035526 0.043020 0.000000 0.000000 0.000000 1.000000
-0.022352 0.052441 -0.998374 -0.446780 -0.867155 0.495959 0.045465 -0.111214 0.497537 0.866761 0.034389 0.043020 0.000000 0.000000 0.000000 1.000000
-0.023470 0.049794 -0.998484 -0.446780 -0.884534 0.464401 0.043951 -0.111214 0.465886 0.884224 0.033145 0.043020 0.000000 0.000000 0.000000 1.000000
-0.024597 0.047121 -0.998586 -0.446780 -0.900748 0.432249 0.042584 -0.111214 0.433645 0.900522 0.031812 0.043020 0.000000 0.000000 0.000000 1.000000
-0.025718 0.044441 -0.998681 -0.446780 -0.915690 0.399751 0.041369 -0.111214 0.401062 0.915546 0.030413 0.043020 0.000000 0.000000 0.000000 1.000000
-0.026818 0.041774 -0.998767 -0.446780 -0.929272 0.367190 0.040310 -0.111214 0.368421 0.929207 0.028972 0.043020 0.000000 0.000000 0.000000 1.000000
-0.027884 0.039149 -0.998844 -0.446780 -0.941432 0.334892 0.039407 -0.111214 0.336047 0.941443 0.027518 0.043020 0.000000 0.000000 0.000000 1.000000
-0.028901 0.036596 -0.998912 -0.446780 -0.952129 0.303242 0.038657 -0.111214 0.304327 0.952211 0.026080 0.043020 0.000000 0.000000 0.000000 1.000000
-0.029856 0.034153 -0.998971 -0.446780 -0.961349 0.272691 0.038055 -0.111214 0.273710 0.961495 0.024692 0.043020 0.000000 0.000000 0.000000 1.000000
-0.030737 0.031863 -0.999019 -0.446780 -0.969104 0.243771 0.037592 -0.111214 0.244730 0.969309 0.023386 0.043020 0.000000 0.000000 0.000000 1.000000
-0.031529 0.029775 -0.999059 -0.446780 -0.975438 0.217102 0.037254 -0.111214 0.218007 0.975695 0.022199 0.043020 0.000000 0.000000 0.000000 1.000000
-0.032219 0.027941 -0.999090 -0.446780 -0.980418 0.193414 0.037026 -0.111214 0.194272 0.980719 0.021162 0.043020 0.000000 0.000000 0.000000 1.000000
-0.032788 0.026416 -0.999113 -0.446780 -0.984140 0.173517 0.036885 -0.111214 0.174337 0.984477 0.020308 0.043020 0.000000 0.000000 0.000000 1.000000
-0.033219 0.025260 -0.999129 -0.446780 -0.986707 0.158284 0.036808 -0.111214 0.159076 0.987070 0.019666 0.043020 0.000000 0.000000 0.000000 1.000000
-0.033491 0.024530 -0.999138 -0.446780 -0.988215 0.148588 0.036773 -0.111214 0.149362 0.988595 0.019265 0.043020 0.000000 0.000000 0.000000 1.000000
-0.033586 0.024277 -0.999141 -0.446780 -0.988717 0.145212 0.036764 -0.111214 0.145980 0.989103 0.019126 0.043020 0.000000 0.000000 0.000000 1.000000
-0.033472 0.024499 -0.999139 -0.446780 -0.988211 0.148621 0.036750 -0.111214 0.149393 0.988591 0.019235 0.043020 0.000000 0.000000 0.000000 1.000000
-0.033143 0.025136 -0.999134 -0.446780 -0.986694 0.158390 0.036715 -0.111214 0.159176 0.987057 0.019552 0.043020 0.000000 0.000000 0.000000 1.000000
-0.032624 0.026142 -0.999126 -0.446780 -0.984115 0.173701 0.036679 -0.111214 0.174508 0.984451 0.020060 0.043020 0.000000 0.000000 0.000000 1.000000
-0.031941 0.027461 -0.999112 -0.446780 -0.980390 0.193628 0.036664 -0.111214 0.194463 0.980691 0.020738 0.043020 0.000000 0.000000 0.000000 1.000000
-0.031117 0.029038 -0.999094 -0.446780 -0.975426 0.217252 0.036694 -0.111214 0.218120 0.975684 0.021565 0.043020 0.000000 0.000000 0.000000 1.000000
-0.030174 0.030821 -0.999069 -0.446780 -0.969147 0.243723 0.036789 -0.111214 0.244630 0.969355 0.022516 0.043020 0.000000 0.000000 0.000000 1.000000
-0.029127 0.032761 -0.999039 -0.446780 -0.961503 0.272298 0.036962 -0.111214 0.273247 0.961655 0.023569 0.043020 0.000000 0.000000 0.000000 1.000000
-0.027991 0.034814 -0.999002 -0.446780 -0.952472 0.302342 0.037224 -0.111214 0.303336 0.952564 0.024696 0.043020 0.000000 0.000000 0.000000 1.000000
-0.026779 0.036940 -0.998959 -0.446780 -0.942065 0.333320 0.037580 -0.111214 0.334361 0.942090 0.025874 0.043020 0.000000 0.000000 0.000000 1.000000
-0.025503 0.039107 -0.998910 -0.446780 -0.930314 0.364788 0.038033 -0.111214 0.365877 0.930269 0.027079 0.043020 0.000000 0.000000 0.000000 1.000000
-0.024176 0.041285 -0.998855 -0.446780 -0.917279 0.396372 0.038584 -0.111214 0.397512 0.917161 0.028288 0.043020 0.000000 0.000000 0.000000 1.000000
-0.022811 0.043451 -0.998795 -0.446780 -0.903039 0.427763 0.039233 -0.111214 0.428953 0.902846 0.029480 0.043020 0.000000 0.000000 0.000000 1.000000
-0.021423 0.045585 -0.998731 -0.446780 -0.887693 0.458696 0.039978 -0.111214 0.459936 0.887423 0.030639 0.043020 0.000000 0.000000 0.000000 1.000000
-0.020028 0.047673 -0.998662 -0.446780 -0.871360 0.488944 0.040816 -0.111214 0.490236 0.871011 0.031747 0.043020 0.000000 0.000000 0.000000 1.000000
-0.018642 0.049704 -0.998590 -0.446780 -0.854170 0.518316 0.041745 -0.111214 0.519660 0.853743 0.032793 0.043020 0.000000 0.000000 0.000000 1.000000
-0.017280 0.051671 -0.998515 -0.446780 -0.836275 0.546640 0.042760 -0.111214 0.548038 0.835772 0.033765 0.043020 0.000000 0.000000 0.000000 1.000000
-0.015957 0.053569 -0.998437 -0.446780 -0.817844 0.573766 0.043854 -0.111214 0.575218 0.817266 0.034655 0.043020 0.000000 0.000000 0.000000 1.000000
-0.014684 0.055394 -0.998357 -0.446780 -0.799065 0.599557 0.045020 -0.111214 0.601065 0.798413 0.035459 0.043020 0.000000 0.000000 0.000000 1.000000
-0.013476 0.057145 -0.998275 -0.446780 -0.780141 0.623892 0.046245 -0.111214 0.625459 0.779418 0.036174 0.043020 0.000000 0.000000 0.000000 1.000000
