<?xml version="1.0" encoding="utf-8"?>
<COLLADA xmlns="http://www.collada.org/2005/11/COLLADASchema" version="1.4.1">
  <asset><contributor><author></author><authoring_tool>FBX COLLADA exporter</authoring_tool><comments></comments></contributor><created>2018-03-22T10:57:10Z</created><keywords></keywords><modified>2018-03-22T10:57:10Z</modified><revision></revision><subject></subject><title></title><unit meter="0.010000" name="centimeter"></unit><up_axis>Y_UP</up_axis></asset>
  <library_animations>
    <animation id="jnt_hips-anim" name="jnt_hips"><animation><source id="jnt_hips-Matrix-animation-input"><float_array id="jnt_hips-Matrix-animation-input-array" count="21">

0.000000 0.033333 0.066667 0.100000 0.133333 0.166667 0.200000 0.233333 0.266667 0.300000 0.333333 0.366667 0.400000 0.433333 0.466667 0.500000
0.533333 0.566667 0.600000 0.633333 0.666667</float_array><technique_common><accessor source="#jnt_hips-Matrix-animation-input-array" count="21"><param name="TIME" type="float"/></accessor></technique_common></source><source id="jnt_hips-Matrix-animation-output-transform"><float_array id="jnt_hips-Matrix-animation-output-transform-array" count="336">

0.961460 -0.010974 -0.274724 0.005653 -0.002571 0.998800 -0.048898 1.940700 0.274931 0.047720 0.960279 -0.246250 0.000000 0.000000 0.000000 1.000000
0.962707 -0.018729 -0.269896 0.004482 0.005539 0.998756 -0.049550 1.940449 0.270489 0.046207 0.961614 -0.246366 0.000000 0.000000 0.000000 1.000000
0.964366 -0.030003 -0.262864 0.002638 0.017323 0.998578 -0.050423 1.939725 0.264003 0.044073 0.963515 -0.246383 0.000000 0.000000 0.000000 1.000000
0.966148 -0.043786 -0.254246 0.000287 0.031718 0.998176 -0.051374 1.938628 0.256032 0.041570 0.965774 -0.246302 0.000000 0.000000 0.000000 1.000000
0.967806 -0.059058 -0.244670 -0.002406 0.047654 0.997495 -0.052276 1.937264 0.247145 0.038934 0.968196 -0.246126 0.000000 0.000000 0.000000 1.000000
0.969168 -0.074795 -0.234774 -0.005275 0.064059 0.996536 -0.053040 1.935746 0.237928 0.036366 0.970602 -0.245863 0.000000 0.000000 0.000000 1.000000
0.970149 -0.089970 -0.225204 -0.008153 0.079862 0.995363 -0.053618 1.934196 0.228984 0.034033 0.972835 -0.245526 0.000000 0.000000 0.000000 1.000000
0.970750 -0.103553 -0.216614 -0.010871 0.093995 0.994107 -0.054004 1.932745 0.220930 0.032063 0.974763 -0.245133 0.000000 0.000000 0.000000 1.000000
0.971044 -0.114520 -0.209663 -0.013263 0.105396 0.992951 -0.054223 1.931533 0.214394 0.030556 0.976269 -0.244707 0.000000 0.000000 0.000000 1.000000
0.971146 -0.121848 -0.205010 -0.015161 0.113010 0.992108 -0.054325 1.930702 0.210011 0.029589 0.977251 -0.244273 0.000000 0.000000 0.000000 1.000000
0.971164 -0.124518 -0.203314 -0.016399 0.115783 0.991786 -0.054353 1.930394 0.208412 0.029245 0.977604 -0.243855 0.000000 0.000000 0.000000 1.000000
0.971146 -0.121848 -0.205010 -0.017017 0.113010 0.992108 -0.054325 1.930722 0.210011 0.029589 0.977251 -0.243395 0.000000 0.000000 0.000000 1.000000
0.971044 -0.114520 -0.209663 -0.017214 0.105396 0.992951 -0.054223 1.931608 0.214394 0.030556 0.976269 -0.242839 0.000000 0.000000 0.000000 1.000000
0.970750 -0.103553 -0.216614 -0.017053 0.093995 0.994107 -0.054004 1.932901 0.220930 0.032063 0.974763 -0.242210 0.000000 0.000000 0.000000 1.000000
0.970149 -0.089970 -0.225204 -0.016599 0.079862 0.995363 -0.053618 1.934450 0.228984 0.034033 0.972835 -0.241531 0.000000 0.000000 0.000000 1.000000
0.969168 -0.074795 -0.234774 -0.015918 0.064059 0.996536 -0.053040 1.936107 0.237928 0.036366 0.970602 -0.240829 0.000000 0.000000 0.000000 1.000000
0.967806 -0.059058 -0.244670 -0.015076 0.047654 0.997495 -0.052276 1.937732 0.247145 0.038934 0.968196 -0.240133 0.000000 0.000000 0.000000 1.000000
0.966148 -0.043786 -0.254246 -0.014136 0.031718 0.998176 -0.051374 1.939195 0.256032 0.041570 0.965774 -0.239479 0.000000 0.000000 0.000000 1.000000
0.964366 -0.030003 -0.262864 -0.013165 0.017323 0.998578 -0.050423 1.940373 0.264003 0.044073 0.963515 -0.238908 0.000000 0.000000 0.000000 1.000000
0.962707 -0.018729 -0.269896 -0.012224 0.005539 0.998756 -0.049550 1.941152 0.270489 0.046207 0.961614 -0.238465 0.000000 0.000000 0.000000 1.000000
0.961460 -0.010974 -0.274724 -0.011376 -0.002571 0.998800 -0.048898 1.941423 0.274931 0.047720 0.960279 -0.238195 0.000000 0.000000 0.000000 1.000000</float_array><technique_common><accessor source="#jnt_hips-Matrix-animation-output-transform-array" count="21" stride="16"><param type="float4x4"/></accessor></technique_common></source><source id="jnt_hips-Interpolations"><Name_array id="jnt_hips-Interpolations-array" count="21">
 LINEAR LINEAR LINEAR LINEAR LINEAR LINEAR LINEAR LINEAR LINEAR LINEAR LINEAR
LINEAR LINEAR LINEAR LINEAR LINEAR LINEAR LINEAR LINEAR LINEAR LINEAR</Name_array><technique_common><accessor source="#jnt_hips-Interpolations-array" count="21"><param type="name"/></accessor></technique_common></source><sampler id="jnt_hips-Matrix-animation-transform"><input semantic="INPUT" source="#jnt_hips-Matrix-animation-input"/><input semantic="OUTPUT" source="#jnt_hips-Matrix-animation-output-transform"/><input semantic="INTERPOLATION" source="#jnt_hips-Interpolations"/></sampler><channel source="#jnt_hips-Matrix-animation-transform" target="jnt_hips/matrix"/></animation></animation>
    <animation id="jnt_right_upleg-anim" name="jnt_right_upleg"><animation><source id="jnt_right_upleg-Matrix-animation-input"><float_array id="jnt_right_upleg-Matrix-animation-input-array" count="21">

0.000000 0.033333 0.066667 0.100000 0.133333 0.166667 0.200000 0.233333 0.266667 0.300000 0.333333 0.366667 0.400000 0.433333 0.466667 0.500000
0.533333 0.566667 0.600000 0.633333 0.666667</float_array><technique_common><accessor source="#jnt_right_upleg-Matrix-animation-input-array" count="21"><param name="TIME" type="float"/></accessor></technique_common></source><source id="jnt_right_upleg-Matrix-animation-output-transform"><float_array id="jnt_right_upleg-Matrix-animation-output-transform-array" count="336">

-0.156099 -0.161750 -0.974408 -0.446780 -0.987701 0.034531 0.152497 -0.111214 0.008981 0.986227 -0.165151 0.043020 0.000000 0.000000 0.000000 1.000000
-0.163840 -0.158836 -0.973616 -0.446780 -0.986365 0.041912 0.159148 -0.111214 0.015527 0.986415 -0.163537 0.043020 0.000000 0.000000 0.000000 1.000000
-0.174785 -0.154193 -0.972458 -0.446780 -0.984289 0.052453 0.168595 -0.111214 0.025013 0.986647 -0.160939 0.043020 0.000000 0.000000 0.000000 1.000000
-0.187828 -0.148399 -0.970926 -0.446779 -0.981547 0.064444 0.180033 -0.111214 0.035854 0.986826 -0.157765 0.043020 0.000000 0.000000 0.000000 1.000000
-0.201946 -0.142064 -0.969039 -0.446779 -0.978279 0.076527 0.192652 -0.111214 0.046788 0.986895 -0.154432 0.043020 0.000000 0.000000 0.000000 1.000000
-0.216213 -0.135759 -0.966862 -0.446779 -0.974686 0.087746 0.205642 -0.111214 0.056920 0.986849 -0.151294 0.043020 0.000000 0.000000 0.000000 1.000000
-0.229760 -0.129977 -0.964529 -0.446780 -0.971029 0.097491 0.218171 -0.111214 0.065676 0.986712 -0.148611 0.043020 0.000000 0.000000 0.000000 1.000000
-0.241730 -0.125110 -0.962244 -0.446780 -0.967616 0.105381 0.229377 -0.111214 0.072705 0.986530 -0.146532 0.043020 0.000000 0.000000 0.000000 1.000000
-0.251257 -0.121448 -0.960271 -0.446780 -0.964788 0.111178 0.238378 -0.111214 0.077811 0.986352 -0.145106 0.043020 0.000000 0.000000 0.000000 1.000000
-0.257458 -0.119210 -0.958908 -0.446780 -0.962902 0.114668 0.244275 -0.111214 0.080835 0.986225 -0.144310 0.043020 0.000000 0.000000 0.000000 1.000000
-0.259432 -0.118594 -0.958452 -0.446780 -0.962309 0.115585 0.246174 -0.111214 0.081588 0.986192 -0.144111 0.043020 0.000000 0.000000 0.000000 1.000000
-0.256311 -0.119870 -0.959133 -0.446779 -0.963298 0.113564 0.243231 -0.111214 0.079767 0.986273 -0.144578 0.043020 0.000000 0.000000 0.000000 1.000000
-0.248529 -0.122955 -0.960789 -0.446780 -0.965678 0.108766 0.235875 -0.111214 0.075499 0.986434 -0.145766 0.043020 0.000000 0.000000 0.000000 1.000000
-0.237119 -0.127596 -0.963065 -0.446780 -0.969025 0.101504 0.225138 -0.111214 0.069028 0.986619 -0.147712 0.043020 0.000000 0.000000 0.000000 1.000000
-0.223093 -0.133526 -0.965609 -0.446780 -0.972915 0.092029 0.212055 -0.111214 0.060549 0.986763 -0.150440 0.043020 0.000000 0.000000 0.000000 1.000000
-0.207447 -0.140402 -0.968118 -0.446780 -0.976951 0.080635 0.197646 -0.111214 0.050314 0.986806 -0.153893 0.043020 0.000000 0.000000 0.000000 1.000000
-0.191178 -0.147767 -0.970369 -0.446779 -0.980791 0.067763 0.182912 -0.111214 0.038727 0.986698 -0.157884 0.043020 0.000000 0.000000 0.000000 1.000000
-0.175322 -0.155046 -0.972226 -0.446779 -0.984156 0.054110 0.168845 -0.111214 0.026428 0.986424 -0.162076 0.043020 0.000000 0.000000 0.000000 1.000000
-0.160934 -0.161585 -0.973648 -0.446780 -0.986860 0.040738 0.156357 -0.111214 0.014399 0.986018 -0.166018 0.043020 0.000000 0.000000 0.000000 1.000000
-0.149133 -0.166699 -0.974664 -0.446780 -0.988809 0.029156 0.146311 -0.111214 0.004027 0.985577 -0.169181 0.043020 0.000000 0.000000 0.000000 1.000000
-0.141139 -0.169730 -0.975331 -0.446780 -0.989985 0.021273 0.139558 -0.111215 -0.002939 0.985261 -0.171033 0.043020 0.000000 0.000000 0.000000 1.000000</float_array><technique_common><accessor source="#jnt_right_upleg-Matrix-animation-output-transform-array" count="21" stride="16"><param type="float4x4"/></accessor></technique_common></source><source id="jnt_right_upleg-Interpolations"><Name_array id="jnt_right_upleg-Interpolations-array" count="21">
 LINEAR LINEAR LINEAR LINEAR LINEAR LINEAR LINEAR LINEAR LINEAR LINEAR LINEAR
LINEAR LINEAR LINEAR LINEAR LINEAR LINEAR LINEAR LINEAR LINEAR LINEAR</Name_array><technique_common><accessor source="#jnt_right_upleg-Interpolations-array" count="21"><param type="name"/></accessor></technique_common></source><sampler id="jnt_right_upleg-Matrix-animation-transform"><input semantic="INPUT" source="#jnt_right_upleg-Matrix-animation-input"/><input semantic="OUTPUT" source="#jnt_right_upleg-Matrix-animation-output-transform"/><input semantic="INTERPOLATION" source="#jnt_right_upleg-Interpolations"/></sampler><channel source="#jnt_right_upleg-Matrix-animation-transform" target="jnt_right_upleg/matrix"/></animation></animation>
    <animation id="jnt_right_uplegroll-anim" name="jnt_right_uplegroll"><animation><source id="jnt_right_uplegroll-Matrix-animation-input"><float_array id="jnt_right_uplegroll-Matrix-animation-input-array" count="21">

0.000000 0.033333 0.066667 0.100000 0.133333 0.166667 0.200000 0.233333 0.266667 0.300000 0.333333 0.366667 0.400000 0.433333 0.466667 0.500000
0.533333 0.566667 0.600000 0.633333 0.666667</float_array><technique_common><accessor source="#jnt_right_uplegroll-Matrix-animation-input-array" count="21"><param name="TIME" type="float"/></accessor></technique_common></source><source id="jnt_right_uplegroll-Matrix-animation-output-transform"><float_array id="jnt_right_uplegroll-Matrix-animation-output-transform-array" count="336">

1.000000 -0.000000 -0.000000 0.430000 -0.000000 1.000000 -0.000000 0.000000 -0.000000 0.000000 1.000000 0.000000 0.000000 0.000000 0.000000 1.000000
1.000000 0.000000 0.000000 0.430000 0.000000 1.000000 0.000000 -0.000000 -0.000000 0.000000 1.000000 0.000000 0.000000 0.000000 0.000000 1.000000
1.000000 0.000000 0.000000 0.430000 -0.000000 1.000000 -0.000000 0.000000 -0.000000 0.000000 1.000000 0.000000 0.000000 0.000000 0.000000 1.000000
1.000000 0.000000 -0.000000 0.430000 -0.000000 1.000000 0.000000 -0.000000 -0.000000 0.000000 1.000000 0.000000 0.000000 0.000000 0.000000 1.000000
1.000000 0.000000 -0.000000 0.430000 0.000000 1.000000 0.000000 0.000000 -0.000000 -0.000000 1.000000 0.000000 0.000000 0.000000 0.000000 1.000000
1.000000 0.000000 0.000000 0.430000 0.000000 1.000000 0.000000 -0.000000 0.000000 0.000000 1.000000 0.000000 0.000000 0.000000 0.000000 1.000000
1.000000 0.000000 -0.000000 0.430000 -0.000000 1.000000 -0.000000 0.000000 0.000000 0.000000 1.000000 0.000000 0.000000 0.000000 0.000000 1.000000
1.000000 0.000000 0.000000 0.430000 0.000000 1.000000 0.000000 0.000000 0.000000 -0.000000 1.000000 0.000000 0.000000 0.000000 0.000000 1.000000
1.000000 0.000000 -0.000000 0.430000 0.000000 1.000000 0.000000 0.000000 -0.000000 0.000000 1.000000 0.000000 0.000000 0.000000 0.000000 1.000000
1.000000 -0.000000 0.000000 0.430000 -0.000000 1.000000 0.000000 0.000000 -0.000000 0.000000 1.000000 0.000000 0.000000 0.000000 0.000000 1.000000
1.000000 0.000000 0.000000 0.430000 0.000000 1.000000 0.000000 -0.000000 -0.000000 0.000000 1.000000 0.000000 0.000000 0.000000 0.000000 1.000000
1.000000 0.000000 0.000000 0.430000 0.000000 1.000000 -0.000000 0.000000 -0.000000 0.000000 1.000000 0.000000 0.000000 0.000000 0.000000 1.000000
1.000000 0.000000 0.000000 0.430000 0.000000 1.000000 0.000000 0.000000 0.000000 0.000000 1.000000 0.000000 0.000000 0.000000 0.000000 1.000000
1.000000 0.000000 0.000000 0.430000 -0.000000 1.000000 0.000000 0.000000 0.000000 0.000000 1.000000 0.000000 0.000000 0.000000 0.000000 1.000000
1.000000 -0.000000 0.000000 0.430000 0.000000 1.000000 0.000000 0.000000 -0.000000 -0.000000 1.000000 0.000000 0.000000 0.000000 0.000000 1.000000
1.000000 0.000000 0.000000 0.430001 0.000000 1.000000 0.000000 0.000000 0.000000 0.000000 1.000000 0.000000 0.000000 0.000000 0.000000 1.000000
1.000000 -0.000000 -0.000000 0.430000 -0.000000 1.000000 -0.000000 0.000000 -0.000000 -0.000000 1.000000 0.000000 0.000000 0.000000 0.000000 1.000000
1.000000 0.000000 0.000000 0.430000 -0.000000 1.000000 0.000000 0.000000 -0.000000 0.000000 1.000000 0.000000 0.000000 0.000000 0.000000 1.000000
1.000000 -0.000000 -0.000000 0.430000 -0.000000 1.000000 0.000000 0.000000 0.000000 0.000000 1.000000 0.000000 0.000000 0.000000 0.000000 1.000000
1.000000 -0.000000 -0.000000 0.430000 0.000000 1.000000 0.000000 -0.000000 0.000000 0.000000 1.000000 0.000000 0.000000 0.000000 0.000000 1.000000
1.000000 0.000000 0.000000 0.430001 0.000000 1.000000 0.000000 0.000000 0.000000 -0.000000 1.000000 -0.000000 0.000000 0.000000 0.000000 1.000000</float_array><technique_common><accessor source="#jnt_right_uplegroll-Matrix-animation-output-transform-array" count="21" stride="16"><param type="float4x4"/></accessor></technique_common></source><source id="jnt_right_uplegroll-Interpolations"><Name_array id="jnt_right_uplegroll-Interpolations-array" count="21">
 LINEAR LINEAR LINEAR LINEAR LINEAR LINEAR LINEAR LINEAR LINEAR LINEAR LINEAR
LINEAR LINEAR LINEAR LINEAR LINEAR LINEAR LINEAR LINEAR LINEAR LINEAR</Name_array><technique_common><accessor source="#jnt_right_uplegroll-Interpolations-array" count="21"><param type="name"/></accessor></technique_common></source><sampler id="jnt_right_uplegroll-Matrix-animation-transform"><input semantic="INPUT" source="#jnt_right_uplegroll-Matrix-animation-input"/><input semantic="OUTPUT" source="#jnt_right_uplegroll-Matrix-animation-output-transform"/><input semantic="INTERPOLATION" source="#jnt_right_uplegroll-Interpolations"/></sampler><channel source="#jnt_right_uplegroll-Matrix-animation-transform" target="jnt_right_uplegroll/matrix"/></animation></animation>
    <animation id="jnt_right_leg-anim" name="jnt_right_leg"><animation><source id="jnt_right_leg-Matrix-animation-input"><float_array id="jnt_right_leg-Matrix-animation-input-array" count="21">

0.000000 0.033333 0.066667 0.100000 0.133333 0.166667 0.200000 0.233333 0.266667 0.300000 0.333333 0.366667 0.400000 0.433333 0.466667 0.500000
0.533333 0.566667 0.600000 0.633333 0.666667</float_array><technique_common><accessor source="#jnt_right_leg-Matrix-animation-input-array" count="21"><param name="TIME" type="float"/></accessor></technique_common></source><source id="jnt_right_leg-Matrix-animation-output-transform"><float_array id="jnt_right_leg-Matrix-animation-output-transform-array" count="336">

0.907688 0.416819 -0.048616 0.860324 -0.419542 0.903923 -0.083111 0.000000 0.009303 0.095835 0.995354 0.000000 0.000000 0.000000 0.000000 1.000000
0.899970 0.432727 -0.052926 0.860324 -0.435836 0.895870 -0.086395 -0.000000 0.010030 0.100820 0.994854 0.000000 0.000000 0.000000 0.000000 1.000000
0.888057 0.455932 -0.058991 0.860324 -0.459591 0.883633 -0.089274 0.000000 0.011423 0.106392 0.994259 0.000000 0.000000 0.000000 0.000000 1.000000
0.873213 0.482818 -0.066230 0.860324 -0.487158 0.868494 -0.091622 -0.000000 0.013283 0.112270 0.993589 -0.000000 0.000000 0.000000 0.000000 1.000000
0.856695 0.510481 -0.074049 0.860324 -0.515593 0.851733 -0.093349 0.000000 0.015418 0.118151 0.992876 0.000000 0.000000 0.000000 0.000000 1.000000
0.839731 0.536798 -0.081857 0.860325 -0.542717 0.834589 -0.094444 -0.000000 0.017620 0.123732 0.992159 0.000000 0.000000 0.000000 0.000000 1.000000
0.823482 0.560299 -0.089117 0.860325 -0.566999 0.818225 -0.094972 0.000000 0.019705 0.128738 0.991483 0.000000 0.000000 0.000000 0.000000 1.000000
0.809064 0.579930 -0.095378 0.860324 -0.587326 0.803747 -0.095069 0.000000 0.021526 0.132935 0.990891 0.000000 0.000000 0.000000 0.000000 1.000000
0.797531 0.594889 -0.100260 0.860324 -0.602841 0.792196 -0.094913 0.000000 0.022963 0.136137 0.990424 0.000000 0.000000 0.000000 0.000000 1.000000
0.789922 0.604422 -0.103431 0.860324 -0.612742 0.784587 -0.094711 -0.000000 0.023905 0.138191 0.990117 0.000000 0.000000 0.000000 0.000000 1.000000
0.787262 0.607688 -0.104567 0.860324 -0.616142 0.781926 -0.094660 -0.000000 0.024240 0.138950 0.990003 0.000000 0.000000 0.000000 0.000000 1.000000
0.790330 0.603831 -0.103765 0.860324 -0.612201 0.785010 -0.094709 -0.000000 0.024269 0.138376 0.990082 0.000000 0.000000 0.000000 0.000000 1.000000
0.798472 0.593417 -0.101487 0.860324 -0.601540 0.793220 -0.094612 0.000000 0.024357 0.136594 0.990328 0.000000 0.000000 0.000000 0.000000 1.000000
0.810608 0.577347 -0.097906 0.860324 -0.585078 0.805487 -0.094207 0.000000 0.024472 0.133647 0.990727 0.000000 0.000000 0.000000 0.000000 1.000000
0.825666 0.556406 -0.093209 0.860324 -0.563624 0.820743 -0.093324 0.000000 0.024574 0.129589 0.991263 0.000000 0.000000 0.000000 0.000000 1.000000
0.842546 0.531447 -0.087633 0.860324 -0.538061 0.837888 -0.091839 0.000000 0.024619 0.124531 0.991910 0.000000 0.000000 0.000000 0.000000 1.000000
0.860098 0.503580 -0.081473 0.860325 -0.509537 0.855760 -0.089701 -0.000000 0.024550 0.118665 0.992631 0.000000 0.000000 0.000000 0.000000 1.000000
0.877119 0.474372 -0.075055 0.860325 -0.479659 0.873134 -0.086968 -0.000000 0.024278 0.112282 0.993380 0.000000 0.000000 0.000000 0.000000 1.000000
0.892353 0.446056 -0.068844 0.860324 -0.450708 0.888732 -0.083765 0.000000 0.023820 0.105776 0.994105 0.000000 0.000000 0.000000 0.000000 1.000000
0.904510 0.421717 -0.063376 0.860324 -0.425818 0.901239 -0.080291 -0.000000 0.023257 0.099611 0.994755 0.000000 0.000000 0.000000 0.000000 1.000000
0.912290 0.405248 -0.059168 0.860324 -0.408915 0.909336 -0.076786 -0.000000 0.022687 0.094246 0.995290 0.000000 0.000000 0.000000 0.000000 1.000000</float_array><technique_common><accessor source="#jnt_right_leg-Matrix-animation-output-transform-array" count="21" stride="16"><param type="float4x4"/></accessor></technique_common></source><source id="jnt_right_leg-Interpolations"><Name_array id="jnt_right_leg-Interpolations-array" count="21">
 LINEAR LINEAR LINEAR LINEAR LINEAR LINEAR LINEAR LINEAR LINEAR LINEAR LINEAR
LINEAR LINEAR LINEAR LINEAR LINEAR LINEAR LINEAR LINEAR LINEAR LINEAR</Name_array><technique_common><accessor source="#jnt_right_leg-Interpolations-array" count="21"><param type="name"/></accessor></technique_common></source><sampler id="jnt_right_leg-Matrix-animation-transform"><input semantic="INPUT" source="#jnt_right_leg-Matrix-animation-input"/><input semantic="OUTPUT" source="#jnt_right_leg-Matrix-animation-output-transform"/><input semantic="INTERPOLATION" source="#jnt_right_leg-Interpolations"/></sampler><channel source="#jnt_right_leg-Matrix-animation-transform" target="jnt_right_leg/matrix"/></animation></animation>
    <animation id="jnt_right_legroll-anim" name="jnt_right_legroll"><animation><source id="jnt_right_legroll-Matrix-animation-input"><float_array id="jnt_right_legroll-Matrix-animation-input-array" count="21">

0.000000 0.033333 0.066667 0.100000 0.133333 0.166667 0.200000 0.233333 0.266667 0.300000 0.333333 0.366667 0.400000 0.433333 0.466667 0.500000
0.533333 0.566667 0.600000 0.633333 0.666667</float_array><technique_common><accessor source="#jnt_right_legroll-Matrix-animation-input-array" count="21"><param name="TIME" type="float"/></accessor></technique_common></source><source id="jnt_right_legroll-Matrix-animation-output-transform"><float_array id="jnt_right_legroll-Matrix-animation-output-transform-array" count="336">

1.000000 -0.000000 0.000000 0.384000 0.000000 1.000000 0.000000 -0.000000 -0.000000 0.000000 1.000000 0.000000 0.000000 0.000000 0.000000 1.000000
1.000000 -0.000000 0.000000 0.384000 -0.000000 0.999999 -0.001192 0.000000 0.000000 0.001192 0.999999 0.000000 0.000000 0.000000 0.000000 1.000000
1.000000 -0.000000 0.000000 0.384000 -0.000000 0.999990 -0.004427 0.000000 0.000000 0.004427 0.999990 0.000000 0.000000 0.000000 0.000000 1.000000
1.000000 0.000000 -0.000000 0.384000 0.000000 0.999958 -0.009195 0.000000 0.000000 0.009195 0.999958 0.000000 0.000000 0.000000 0.000000 1.000000
1.000000 -0.000000 0.000000 0.384000 0.000000 0.999888 -0.014983 -0.000000 0.000000 0.014983 0.999888 -0.000000 0.000000 0.000000 0.000000 1.000000
1.000000 0.000000 0.000000 0.384000 -0.000000 0.999774 -0.021282 -0.000000 0.000000 0.021282 0.999774 -0.000000 0.000000 0.000000 0.000000 1.000000
1.000000 0.000000 0.000000 0.384000 0.000000 0.999620 -0.027580 0.000000 0.000000 0.027580 0.999620 0.000000 0.000000 0.000000 0.000000 1.000000
1.000000 -0.000000 0.000000 0.384000 0.000000 0.999443 -0.033367 -0.000000 -0.000000 0.033367 0.999443 0.000000 0.000000 0.000000 0.000000 1.000000
1.000000 0.000000 -0.000000 0.384000 0.000000 0.999273 -0.038131 -0.000000 -0.000000 0.038131 0.999273 0.000000 0.000000 0.000000 0.000000 1.000000
1.000000 0.000000 -0.000000 0.384000 -0.000000 0.999144 -0.041364 -0.000000 0.000000 0.041364 0.999144 0.000000 0.000000 0.000000 0.000000 1.000000
1.000000 -0.000000 0.000000 0.384000 0.000000 0.999094 -0.042555 0.000000 0.000000 0.042555 0.999094 -0.000000 0.000000 0.000000 0.000000 1.000000
1.000000 0.000000 -0.000000 0.384000 -0.000000 0.999144 -0.041364 -0.000000 -0.000000 0.041364 0.999144 -0.000000 0.000000 0.000000 0.000000 1.000000
1.000000 0.000000 0.000000 0.384000 0.000000 0.999273 -0.038131 -0.000000 -0.000000 0.038131 0.999273 0.000000 0.000000 0.000000 0.000000 1.000000
1.000000 0.000000 -0.000000 0.384000 0.000000 0.999443 -0.033367 -0.000000 0.000000 0.033367 0.999443 0.000000 0.000000 0.000000 0.000000 1.000000
1.000000 0.000000 0.000000 0.384000 -0.000000 0.999620 -0.027580 -0.000000 -0.000000 0.027580 0.999620 0.000000 0.000000 0.000000 0.000000 1.000000
1.000000 0.000000 0.000000 0.384000 -0.000000 0.999774 -0.021282 -0.000000 0.000000 0.021282 0.999774 0.000000 0.000000 0.000000 0.000000 1.000000
1.000000 0.000000 -0.000000 0.384000 0.000000 0.999888 -0.014983 -0.000000 -0.000000 0.014983 0.999888 0.000000 0.000000 0.000000 0.000000 1.000000
1.000000 0.000000 0.000000 0.384000 0.000000 0.999958 -0.009194 0.000000 0.000000 0.009194 0.999958 -0.000000 0.000000 0.000000 0.000000 1.000000
1.000000 -0.000000 -0.000000 0.384000 0.000000 0.999990 -0.004427 -0.000000 -0.000000 0.004427 0.999990 0.000000 0.000000 0.000000 0.000000 1.000000
1.000000 0.000000 0.000000 0.384000 -0.000000 0.999999 -0.001191 0.000000 0.000000 0.001191 0.999999 0.000000 0.000000 0.000000 0.000000 1.000000
1.000000 0.000000 -0.000000 0.384000 0.000000 1.000000 -0.000000 0.000000 0.000000 -0.000000 1.000000 0.000000 0.000000 0.000000 0.000000 1.000000</float_array><technique_common><accessor source="#jnt_right_legroll-Matrix-animation-output-transform-array" count="21" stride="16"><param type="float4x4"/></accessor></technique_common></source><source id="jnt_right_legroll-Interpolations"><Name_array id="jnt_right_legroll-Interpolations-array" count="21">
 LINEAR LINEAR LINEAR LINEAR LINEAR LINEAR LINEAR LINEAR LINEAR LINEAR LINEAR
LINEAR LINEAR LINEAR LINEAR LINEAR LINEAR LINEAR LINEAR LINEAR LINEAR</Name_array><technique_common><accessor source="#jnt_right_legroll-Interpolations-array" count="21"><param type="name"/></accessor></technique_common></source><sampler id="jnt_right_legroll-Matrix-animation-transform"><input semantic="INPUT" source="#jnt_right_legroll-Matrix-animation-input"/><input semantic="OUTPUT" source="#jnt_right_legroll-Matrix-animation-output-transform"/><input semantic="INTERPOLATION" source="#jnt_right_legroll-Interpolations"/></sampler><channel source="#jnt_right_legroll-Matrix-animation-transform" target="jnt_right_legroll/matrix"/></animation></animation>
    <animation id="jnt_right_foot-anim" name="jnt_right_foot"><animation><source id="jnt_right_foot-Matrix-animation-input"><float_array id="jnt_right_foot-Matrix-animation-input-array" count="21">

0.000000 0.033333 0.066667 0.100000 0.133333 0.166667 0.200000 0.233333 0.266667 0.300000 0.333333 0.366667 0.400000 0.433333 0.466667 0.500000
0.533333 0.566667 0.600000 0.633333 0.666667</float_array><technique_common><accessor source="#jnt_right_foot-Matrix-animation-input-array" count="21"><param name="TIME" type="float"/></accessor></technique_common></source><source id="jnt_right_foot-Matrix-animation-output-transform"><float_array id="jnt_right_foot-Matrix-animation-output-transform-array" count="336">

0.125471 -0.946433 0.297525 0.768145 0.984185 0.080942 -0.157569 0.000000 0.125046 0.312590 0.941621 0.000000 0.000000 0.000000 0.000000 1.000000
0.115023 -0.946130 0.302666 0.768145 0.985311 0.069951 -0.155784 0.000000 0.126221 0.316139 0.940279 0.000000 0.000000 0.000000 0.000000 1.000000
0.099602 -0.945302 0.310619 0.768145 0.986512 0.053061 -0.154852 0.000000 0.129900 0.321853 0.937836 0.000000 0.000000 0.000000 0.000000 1.000000
0.081376 -0.943734 0.320538 0.768145 0.987442 0.032645 -0.154570 0.000000 0.135409 0.329091 0.934539 0.000000 0.000000 0.000000 0.000000 1.000000
0.062167 -0.941374 0.331587 0.768145 0.987903 0.010748 -0.154702 -0.000000 0.142068 0.337193 0.930654 -0.000000 0.000000 0.000000 0.000000 1.000000
0.043410 -0.938353 0.342941 0.768145 0.987850 -0.010957 -0.155023 -0.000000 0.149223 0.345504 0.926477 0.000000 0.000000 0.000000 0.000000 1.000000
0.026203 -0.934953 0.353802 0.768145 0.987368 -0.031119 -0.155359 -0.000000 0.156264 0.353404 0.922327 -0.000000 0.000000 0.000000 0.000000 1.000000
0.011431 -0.931558 0.363413 0.768145 0.986622 -0.048600 -0.155613 0.000000 0.162625 0.360330 0.918540 0.000000 0.000000 0.000000 0.000000 1.000000
-0.000157 -0.928611 0.371054 0.768145 0.985823 -0.062402 -0.155753 -0.000000 0.167789 0.365769 0.915456 -0.000000 0.000000 0.000000 0.000000 1.000000
-0.007839 -0.926574 0.376030 0.768144 0.985193 -0.071563 -0.155802 -0.000000 0.171272 0.369241 0.913415 -0.000000 0.000000 0.000000 0.000000 1.000000
-0.010849 -0.925881 0.377658 0.768145 0.984933 -0.075086 -0.155788 -0.000000 0.172597 0.370278 0.912746 -0.000000 0.000000 0.000000 0.000000 1.000000
-0.008569 -0.926748 0.375585 0.768145 0.985156 -0.072222 -0.155729 -0.000000 0.171447 0.368676 0.913610 -0.000000 0.000000 0.000000 0.000000 1.000000
-0.001528 -0.928884 0.370367 0.768145 0.985759 -0.063680 -0.155641 -0.000000 0.168157 0.364855 0.915753 -0.000000 0.000000 0.000000 0.000000 1.000000
0.009506 -0.931875 0.362655 0.768145 0.986548 -0.050449 -0.155494 -0.000000 0.163197 0.359255 0.918860 0.000000 0.000000 0.000000 0.000000 1.000000
0.023830 -0.935279 0.353107 0.768145 0.987305 -0.033466 -0.155272 -0.000000 0.157040 0.352324 0.922608 0.000000 0.000000 0.000000 0.000000 1.000000
0.040701 -0.938671 0.342403 0.768145 0.987819 -0.013709 -0.155003 -0.000000 0.150191 0.344541 0.926679 0.000000 0.000000 0.000000 0.000000 1.000000
0.059246 -0.941681 0.331252 0.768145 0.987918 0.007706 -0.154787 -0.000000 0.143208 0.336420 0.930760 0.000000 0.000000 0.000000 0.000000 1.000000
0.078355 -0.944047 0.320370 0.768145 0.987509 0.029432 -0.154792 0.000000 0.136702 0.328496 0.934560 -0.000000 0.000000 0.000000 0.000000 1.000000
0.096593 -0.945639 0.310543 0.768145 0.986623 0.049804 -0.155226 -0.000000 0.131321 0.321383 0.937799 -0.000000 0.000000 0.000000 0.000000 1.000000
0.112109 -0.946500 0.302605 0.768145 0.985452 0.066754 -0.156293 0.000000 0.127731 0.315725 0.940214 0.000000 0.000000 0.000000 0.000000 1.000000
0.122655 -0.946840 0.297405 0.768145 0.984342 0.077836 -0.158156 0.000000 0.126600 0.312147 0.941561 0.000000 0.000000 0.000000 0.000000 1.000000</float_array><technique_common><accessor source="#jnt_right_foot-Matrix-animation-output-transform-array" count="21" stride="16"><param type="float4x4"/></accessor></technique_common></source><source id="jnt_right_foot-Interpolations"><Name_array id="jnt_right_foot-Interpolations-array" count="21">
 LINEAR LINEAR LINEAR LINEAR LINEAR LINEAR LINEAR LINEAR LINEAR LINEAR LINEAR
LINEAR LINEAR LINEAR LINEAR LINEAR LINEAR LINEAR LINEAR LINEAR LINEAR</Name_array><technique_common><accessor source="#jnt_right_foot-Interpolations-array" count="21"><param type="name"/></accessor></technique_common></source><sampler id="jnt_right_foot-Matrix-animation-transform"><input semantic="INPUT" source="#jnt_right_foot-Matrix-animation-input"/><input semantic="OUTPUT" source="#jnt_right_foot-Matrix-animation-output-transform"/><input semantic="INTERPOLATION" source="#jnt_right_foot-Interpolations"/></sampler><channel source="#jnt_right_foot-Matrix-animation-transform" target="jnt_right_foot/matrix"/></animation></animation>
    <animation id="jnt_right_toebase-anim" name="jnt_right_toebase"><animation><source id="jnt_right_toebase-Matrix-animation-input"><float_array id="jnt_right_toebase-Matrix-animation-input-array" count="21">

0.000000 0.033333 0.066667 0.100000 0.133333 0.166667 0.200000 0.233333 0.266667 0.300000 0.333333 0.366667 0.400000 0.433333 0.466667 0.500000
0.533333 0.566667 0.600000 0.633333 0.666667</float_array><technique_common><accessor source="#jnt_right_toebase-Matrix-animation-input-array" count="21"><param name="TIME" type="float"/></accessor></technique_common></source><source id="jnt_right_toebase-Matrix-animation-output-transform"><float_array id="jnt_right_toebase-Matrix-animation-output-transform-array" count="336">

0.918954 -0.394364 -0.000123 0.441847 0.394364 0.918954 0.000314 0.000000 -0.000011 -0.000337 1.000000 -0.000000 0.000000 0.000000 0.000000 1.000000
0.918995 -0.394270 -0.000068 0.441847 0.394270 0.918995 0.000215 -0.000000 -0.000022 -0.000224 1.000000 0.000000 0.000000 0.000000 0.000000 1.000000
0.919105 -0.394013 0.000085 0.441847 0.394013 0.919105 -0.000063 -0.000000 -0.000053 0.000091 1.000000 0.000000 0.000000 0.000000 0.000000 1.000000
0.919268 -0.393632 0.000319 0.441847 0.393632 0.919268 -0.000489 -0.000000 -0.000100 0.000575 1.000000 0.000000 0.000000 0.000000 0.000000 1.000000
0.919467 -0.393166 0.000617 0.441847 0.393167 0.919467 -0.001034 0.000000 -0.000161 0.001193 0.999999 0.000000 0.000000 0.000000 0.000000 1.000000
0.919686 -0.392654 0.000962 0.441847 0.392655 0.919684 -0.001666 -0.000000 -0.000231 0.001910 0.999998 0.000000 0.000000 0.000000 0.000000 1.000000
0.919907 -0.392134 0.001338 0.441847 0.392136 0.919904 -0.002356 -0.000000 -0.000307 0.002692 0.999996 -0.000000 0.000000 0.000000 0.000000 1.000000
0.920115 -0.391645 0.001728 0.441847 0.391649 0.920110 -0.003073 -0.000000 -0.000386 0.003504 0.999994 -0.000000 0.000000 0.000000 0.000000 1.000000
0.920292 -0.391227 0.002115 0.441847 0.391233 0.920284 -0.003786 0.000000 -0.000465 0.004312 0.999991 -0.000000 0.000000 0.000000 0.000000 1.000000
0.920422 -0.390918 0.002485 0.441847 0.390926 0.920411 -0.004465 -0.000000 -0.000541 0.005081 0.999987 0.000000 0.000000 0.000000 0.000000 1.000000
0.920489 -0.390758 0.002819 0.441847 0.390768 0.920475 -0.005080 0.000000 -0.000610 0.005778 0.999983 -0.000000 0.000000 0.000000 0.000000 1.000000
0.920556 -0.390597 0.003154 0.441847 0.390610 0.920539 -0.005695 -0.000000 -0.000679 0.006474 0.999979 -0.000000 0.000000 0.000000 0.000000 1.000000
0.920686 -0.390288 0.003523 0.441847 0.390303 0.920664 -0.006374 0.000000 -0.000756 0.007244 0.999973 0.000000 0.000000 0.000000 0.000000 1.000000
0.920863 -0.389868 0.003909 0.441847 0.389887 0.920836 -0.007089 -0.000000 -0.000836 0.008052 0.999967 0.000000 0.000000 0.000000 0.000000 1.000000
0.921069 -0.389377 0.004296 0.441847 0.389399 0.921036 -0.007807 0.000000 -0.000917 0.008864 0.999960 -0.000000 0.000000 0.000000 0.000000 1.000000
0.921288 -0.388853 0.004667 0.441847 0.388880 0.921249 -0.008500 -0.000000 -0.000994 0.009645 0.999953 0.000000 0.000000 0.000000 0.000000 1.000000
0.921504 -0.388337 0.005006 0.441847 0.388368 0.921459 -0.009135 0.000000 -0.001066 0.010362 0.999946 0.000000 0.000000 0.000000 0.000000 1.000000
0.921700 -0.387867 0.005298 0.441847 0.387902 0.921650 -0.009683 0.000000 -0.001127 0.010980 0.999939 0.000000 0.000000 0.000000 0.000000 1.000000
0.921860 -0.387483 0.005526 0.441847 0.387521 0.921806 -0.010112 -0.000000 -0.001176 0.011463 0.999934 0.000000 0.000000 0.000000 0.000000 1.000000
0.921968 -0.387224 0.005675 0.441847 0.387263 0.921911 -0.010392 0.000000 -0.001208 0.011779 0.999930 -0.000000 0.000000 0.000000 0.000000 1.000000
0.922008 -0.387129 0.005728 0.441847 0.387169 0.921949 -0.010492 0.000000 -0.001219 0.011892 0.999929 -0.000000 0.000000 0.000000 0.000000 1.000000</float_array><technique_common><accessor source="#jnt_right_toebase-Matrix-animation-output-transform-array" count="21" stride="16"><param type="float4x4"/></accessor></technique_common></source><source id="jnt_right_toebase-Interpolations"><Name_array id="jnt_right_toebase-Interpolations-array" count="21">
 LINEAR LINEAR LINEAR LINEAR LINEAR LINEAR LINEAR LINEAR LINEAR LINEAR LINEAR
LINEAR LINEAR LINEAR LINEAR LINEAR LINEAR LINEAR LINEAR LINEAR LINEAR</Name_array><technique_common><accessor source="#jnt_right_toebase-Interpolations-array" count="21"><param type="name"/></accessor></technique_common></source><sampler id="jnt_right_toebase-Matrix-animation-transform"><input semantic="INPUT" source="#jnt_right_toebase-Matrix-animation-input"/><input semantic="OUTPUT" source="#jnt_right_toebase-Matrix-animation-output-transform"/><input semantic="INTERPOLATION" source="#jnt_right_toebase-Interpolations"/></sampler><channel source="#jnt_right_toebase-Matrix-animation-transform" target="jnt_right_toebase/matrix"/></animation></animation>
    <animation id="jnt_right_toeend-anim" name="jnt_right_toeend"><animation><source id="jnt_right_toeend-Matrix-animation-input"><float_array id="jnt_right_toeend-Matrix-animation-input-array" count="21">

0.000000 0.033333 0.066667 0.100000 0.133333 0.166667 0.200000 0.233333 0.266667 0.300000 0.333333 0.366667 0.400000 0.433333 0.466667 0.500000
0.533333 0.566667 0.600000 0.633333 0.666667</float_array><technique_common><accessor source="#jnt_right_toeend-Matrix-animation-input-array" count="21"><param name="TIME" type="float"/></accessor></technique_common></source><source id="jnt_right_toeend-Matrix-animation-output-transform"><float_array id="jnt_right_toeend-Matrix-animation-output-transform-array" count="336">

1.000000 0.000000 0.000000 0.379397 0.000000 1.000000 -0.000000 0.000000 0.000000 0.000000 1.000000 -0.000000 0.000000 0.000000 0.000000 1.000000
1.000000 0.000000 0.000000 0.379397 -0.000000 1.000000 -0.000000 0.000000 0.000000 0.000000 1.000000 -0.000000 0.000000 0.000000 0.000000 1.000000
1.000000 -0.000000 0.000000 0.379397 0.000000 1.000000 0.000000 0.000000 0.000000 0.000000 1.000000 0.000000 0.000000 0.000000 0.000000 1.000000
1.000000 0.000000 0.000000 0.379397 0.000000 1.000000 -0.000000 0.000000 0.000000 0.000000 1.000000 -0.000000 0.000000 0.000000 0.000000 1.000000
1.000000 -0.000000 0.000000 0.379397 0.000000 1.000000 0.000000 0.000000 0.000000 0.000000 1.000000 -0.000000 0.000000 0.000000 0.000000 1.000000
1.000000 0.000000 0.000000 0.379397 -0.000000 1.000000 0.000000 0.000000 -0.000000 0.000000 1.000000 0.000000 0.000000 0.000000 0.000000 1.000000
1.000000 0.000000 0.000000 0.379397 0.000000 1.000000 -0.000000 0.000000 0.000000 -0.000000 1.000000 0.000000 0.000000 0.000000 0.000000 1.000000
1.000000 -0.000000 -0.000000 0.379397 -0.000000 1.000000 0.000000 0.000000 -0.000000 0.000000 1.000000 -0.000000 0.000000 0.000000 0.000000 1.000000
1.000000 -0.000000 0.000000 0.379397 0.000000 1.000000 -0.000000 0.000000 0.000000 0.000000 1.000000 0.000000 0.000000 0.000000 0.000000 1.000000
1.000000 0.000000 -0.000000 0.379397 -0.000000 1.000000 0.000000 0.000000 0.000000 0.000000 1.000000 -0.000000 0.000000 0.000000 0.000000 1.000000
1.000000 -0.000000 0.000000 0.379397 0.000000 1.000000 0.000000 0.000000 -0.000000 -0.000000 1.000000 0.000000 0.000000 0.000000 0.000000 1.000000
1.000000 0.000000 -0.000000 0.379397 0.000000 1.000000 0.000000 0.000000 0.000000 0.000000 1.000000 0.000000 0.000000 0.000000 0.000000 1.000000
1.000000 -0.000000 -0.000000 0.379397 -0.000000 1.000000 -0.000000 0.000000 0.000000 0.000000 1.000000 -0.000000 0.000000 0.000000 0.000000 1.000000
1.000000 0.000000 0.000000 0.379397 -0.000000 1.000000 0.000000 0.000000 -0.000000 0.000000 1.000000 0.000000 0.000000 0.000000 0.000000 1.000000
1.000000 -0.000000 0.000000 0.379397 0.000000 1.000000 0.000000 0.000000 -0.000000 -0.000000 1.000000 -0.000000 0.000000 0.000000 0.000000 1.000000
1.000000 0.000000 -0.000000 0.379397 -0.000000 1.000000 0.000000 0.000000 -0.000000 -0.000000 1.000000 -0.000000 0.000000 0.000000 0.000000 1.000000
1.000000 -0.000000 0.000000 0.379397 -0.000000 1.000000 -0.000000 0.000000 -0.000000 0.000000 1.000000 0.000000 0.000000 0.000000 0.000000 1.000000
1.000000 -0.000000 0.000000 0.379397 0.000000 1.000000 0.000000 0.000000 -0.000000 -0.000000 1.000000 -0.000000 0.000000 0.000000 0.000000 1.000000
1.000000 0.000000 0.000000 0.379397 0.000000 1.000000 0.000000 0.000000 -0.000000 -0.000000 1.000000 0.000000 0.000000 0.000000 0.000000 1.000000
1.000000 -0.000000 -0.000000 0.379397 -0.000000 1.000000 -0.000000 0.000000 -0.000000 0.000000 1.000000 0.000000 0.000000 0.000000 0.000000 1.000000
1.000000 -0.000000 -0.000000 0.379397 0.000000 1.000000 -0.000000 0.000000 0.000000 -0.000000 1.000000 0.000000 0.000000 0.000000 0.000000 1.000000</float_array><technique_common><accessor source="#jnt_right_toeend-Matrix-animation-output-transform-array" count="21" stride="16"><param type="float4x4"/></accessor></technique_common></source><source id="jnt_right_toeend-Interpolations"><Name_array id="jnt_right_toeend-Interpolations-array" count="21">
 LINEAR LINEAR LINEAR LINEAR LINEAR LINEAR LINEAR LINEAR LINEAR LINEAR LINEAR
LINEAR LINEAR LINEAR LINEAR LINEAR LINEAR LINEAR LINEAR LINEAR LINEAR</Name_array><technique_common><accessor source="#jnt_right_toeend-Interpolations-array" count="21"><param type="name"/></accessor></technique_common></source><sampler id="jnt_right_toeend-Matrix-animation-transform"><input semantic="INPUT" source="#jnt_right_toeend-Matrix-animation-input"/><input semantic="OUTPUT" source="#jnt_right_toeend-Matrix-animation-output-transform"/><input semantic="INTERPOLATION" source="#jnt_right_toeend-Interpolations"/></sampler><channel source="#jnt_right_toeend-Matrix-animation-transform" target="jnt_right_toeend/matrix"/></animation></animation>
    <animation id="jnt_left_upleg-anim" name="jnt_left_upleg"><animation><source id="jnt_left_upleg-Matrix-animation-input"><float_array id="jnt_left_upleg-Matrix-animation-input-array" count="21">

0.000000 0.033333 0.066667 0.100000 0.133333 0.166667 0.200000 0.233333 0.266667 0.300000 0.333333 0.366667 0.400000 0.433333 0.466667 0.500000
