<?xml version="1.0" encoding="utf-8"?>
<COLLADA xmlns="http://www.collada.org/2005/11/COLLADASchema" version="1.4.1">
  <asset><contributor><author></author><authoring_tool>FBX COLLADA exporter</authoring_tool><comments></comments></contributor><created>2018-03-22T14:04:27Z</created><keywords></keywords><modified>2018-03-22T14:04:27Z</modified><revision></revision><subject></subject><title></title><unit meter="0.010000" name="centimeter"></unit><up_axis>Y_UP</up_axis></asset>
  <library_animations>
    <animation id="jnt_hips-anim" name="jnt_hips"><animation><source id="jnt_hips-Matrix-animation-input"><float_array id="jnt_hips-Matrix-animation-input-array" count="21">

0.000000 0.033333 0.066667 0.100000 0.133333 0.166667 0.200000 0.233333 0.266667 0.300000 0.333333 0.366667 0.400000 0.433333 0.466667 0.500000
0.533333 0.566667 0.600000 0.633333 0.666667</float_array><technique_common><accessor source="#jnt_hips-Matrix-animation-input-array" count="21"><param name="TIME" type="float"/></accessor></technique_common></source><source id="jnt_hips-Matrix-animation-output-transform"><float_array id="jnt_hips-Matrix-animation-output-transform-array" count="336">

0.961463 0.055178 -0.269342 -0.011449 -0.002571 0.981416 0.191875 2.028563 0.274924 -0.183788 0.943737 -0.270758 0.000000 0.000000 0.000000 1.000000
0.958204 0.034741 -0.283969 -0.004611 -0.003188 0.993834 0.110829 1.789180 0.286069 -0.105291 0.952407 -0.296686 0.000000 0.000000 0.000000 1.000000
0.953553 0.004820 -0.301188 0.008556 -0.005619 0.999983 -0.001787 1.341102 0.301174 0.003396 0.953563 -0.353802 0.000000 0.000000 0.000000 1.000000
0.950078 -0.018033 -0.311491 0.014940 -0.008766 0.996392 -0.084421 1.100008 0.311889 0.082937 0.946492 -0.398124 0.000000 0.000000 0.000000 1.000000
0.950039 -0.023586 -0.311237 0.012026 -0.010021 0.994322 -0.105941 1.115016 0.311969 0.103767 0.944409 -0.417550 0.000000 0.000000 0.000000 1.000000
0.951438 -0.022983 -0.306980 0.006307 -0.010508 0.994203 -0.107003 1.151840 0.307660 0.105033 0.945682 -0.428782 0.000000 0.000000 0.000000 1.000000
0.952147 -0.019843 -0.304994 -0.000465 -0.010814 0.995078 -0.098502 1.201619 0.305448 0.097087 0.947246 -0.435617 0.000000 0.000000 0.000000 1.000000
0.950075 -0.017677 -0.311521 -0.006527 -0.011412 0.995757 -0.091307 1.255465 0.311813 0.090303 0.945842 -0.441839 0.000000 0.000000 0.000000 1.000000
0.944056 -0.017090 -0.329342 -0.012490 -0.012436 0.996101 -0.087337 1.314300 0.329551 0.086547 0.940163 -0.448476 0.000000 0.000000 0.000000 1.000000
0.934141 -0.016140 -0.356539 -0.019130 -0.013681 0.996623 -0.080960 1.381270 0.356642 0.080506 0.930766 -0.453975 0.000000 0.000000 0.000000 1.000000
0.922903 -0.014852 -0.384747 -0.025299 -0.014596 0.997188 -0.073506 1.450912 0.384757 0.073455 0.920091 -0.458180 0.000000 0.000000 0.000000 1.000000
0.913802 -0.013426 -0.405938 -0.029852 -0.014816 0.997686 -0.066349 1.517767 0.405889 0.066644 0.911489 -0.460981 0.000000 0.000000 0.000000 1.000000
0.910932 -0.012233 -0.412376 -0.031652 -0.014156 0.998045 -0.060877 1.576381 0.412314 0.061292 0.908978 -0.462299 0.000000 0.000000 0.000000 1.000000
0.913863 -0.011716 -0.405853 -0.031065 -0.013172 0.998202 -0.058474 1.632412 0.405809 0.058783 0.912066 -0.453245 0.000000 0.000000 0.000000 1.000000
0.919875 -0.011334 -0.392049 -0.029479 -0.011754 0.998337 -0.056439 1.692643 0.392036 0.056525 0.918212 -0.428806 0.000000 0.000000 0.000000 1.000000
0.927761 -0.011084 -0.373009 -0.027249 -0.010065 0.998452 -0.054704 1.753475 0.373038 0.054506 0.926214 -0.394093 0.000000 0.000000 0.000000 1.000000
0.936380 -0.010952 -0.350817 -0.024725 -0.008255 0.998549 -0.053208 1.811308 0.350891 0.052719 0.934931 -0.354223 0.000000 0.000000 0.000000 1.000000
0.944744 -0.010911 -0.327628 -0.022254 -0.006466 0.998631 -0.051905 1.862545 0.327746 0.051155 0.943380 -0.314315 0.000000 0.000000 0.000000 1.000000
0.952073 -0.010929 -0.305677 -0.020179 -0.004834 0.998699 -0.050763 1.903588 0.305834 0.049808 0.950781 -0.279502 0.000000 0.000000 0.000000 1.000000
0.957789 -0.010964 -0.287263 -0.018838 -0.003493 0.998755 -0.049764 1.930839 0.287451 0.048666 0.956558 -0.254923 0.000000 0.000000 0.000000 1.000000
0.961460 -0.010974 -0.274724 0.005653 -0.002571 0.998800 -0.048898 1.940700 0.274931 0.047720 0.960279 -0.246250 0.000000 0.000000 0.000000 1.000000</float_array><technique_common><accessor source="#jnt_hips-Matrix-animation-output-transform-array" count="21" stride="16"><param type="float4x4"/></accessor></technique_common></source><source id="jnt_hips-Interpolations"><Name_array id="jnt_hips-Interpolations-array" count="21">
 LINEAR LINEAR LINEAR LINEAR LINEAR LINEAR LINEAR LINEAR LINEAR LINEAR LINEAR
LINEAR LINEAR LINEAR LINEAR LINEAR LINEAR LINEAR LINEAR LINEAR LINEAR</Name_array><technique_common><accessor source="#jnt_hips-Interpolations-array" count="21"><param type="name"/></accessor></technique_common></source><sampler id="jnt_hips-Matrix-animation-transform"><input semantic="INPUT" source="#jnt_hips-Matrix-animation-input"/><input semantic="OUTPUT" source="#jnt_hips-Matrix-animation-output-transform"/><input semantic="INTERPOLATION" source="#jnt_hips-Interpolations"/></sampler><channel source="#jnt_hips-Matrix-animation-transform" target="jnt_hips/matrix"/></animation></animation>
    <animation id="jnt_right_upleg-anim" name="jnt_right_upleg"><animation><source id="jnt_right_upleg-Matrix-animation-input"><float_array id="jnt_right_upleg-Matrix-animation-input-array" count="21">

0.000000 0.033333 0.066667 0.100000 0.133333 0.166667 0.200000 0.233333 0.266667 0.300000 0.333333 0.366667 0.400000 0.433333 0.466667 0.500000
0.533333 0.566667 0.600000 0.633333 0.666667</float_array><technique_common><accessor source="#jnt_right_upleg-Matrix-animation-input-array" count="21"><param name="TIME" type="float"/></accessor></technique_common></source><source id="jnt_right_upleg-Matrix-animation-output-transform"><float_array id="jnt_right_upleg-Matrix-animation-output-transform-array" count="336">

-0.424460 0.284494 -0.859591 -0.446780 -0.785687 0.356131 0.505833 -0.111214 0.450034 0.890075 0.072360 0.043020 0.000000 0.000000 0.000000 1.000000
-0.359385 0.248285 -0.899554 -0.446779 -0.753297 0.491779 0.436688 -0.111214 0.550805 0.834570 0.010294 0.043020 0.000000 0.000000 0.000000 1.000000
-0.224586 0.115012 -0.967643 -0.446780 -0.706182 0.665044 0.242947 -0.111214 0.671467 0.737895 -0.068140 0.043020 0.000000 0.000000 0.000000 1.000000
-0.117454 0.008538 -0.993042 -0.446779 -0.654121 0.751730 0.083831 -0.111214 0.747215 0.659416 -0.082709 0.043020 0.000000 0.000000 0.000000 1.000000
-0.100149 0.003153 -0.994968 -0.446780 -0.622831 0.779638 0.065161 -0.111214 0.775920 0.626222 -0.076116 0.043020 0.000000 0.000000 0.000000 1.000000
-0.091741 -0.013068 -0.995697 -0.446779 -0.623761 0.780187 0.047232 -0.111214 0.776213 0.625410 -0.079726 0.043020 0.000000 0.000000 0.000000 1.000000
-0.085333 -0.030184 -0.995895 -0.446780 -0.641536 0.766436 0.031740 -0.111214 0.762332 0.641611 -0.084767 0.043020 0.000000 0.000000 0.000000 1.000000
-0.075137 -0.040716 -0.996342 -0.446780 -0.658633 0.752226 0.018929 -0.111214 0.748703 0.657646 -0.083337 0.043020 0.000000 0.000000 0.000000 1.000000
-0.057999 -0.036449 -0.997651 -0.446779 -0.671958 0.740492 0.012010 -0.111214 0.738315 0.671076 -0.067440 0.043020 0.000000 0.000000 0.000000 1.000000
-0.038027 -0.017625 -0.999121 -0.446780 -0.690163 0.723528 0.013505 -0.111214 0.722654 0.690070 -0.039678 0.043020 0.000000 0.000000 0.000000 1.000000
-0.021325 0.007488 -0.999745 -0.446780 -0.714254 0.699587 0.020475 -0.111214 0.699562 0.714508 -0.009570 0.043020 0.000000 0.000000 0.000000 1.000000
-0.013249 0.029503 -0.999477 -0.446779 -0.742770 0.668892 0.029590 -0.111214 0.669415 0.742774 0.013052 0.043020 0.000000 0.000000 0.000000 1.000000
-0.017900 0.037699 -0.999129 -0.446780 -0.772505 0.633885 0.037758 -0.111214 0.634756 0.772508 0.017777 0.043020 0.000000 0.000000 0.000000 1.000000
-0.037012 0.029951 -0.998866 -0.446780 -0.806920 0.588744 0.047553 -0.111214 0.589501 0.807764 0.002378 0.043020 0.000000 0.000000 0.000000 1.000000
-0.066196 0.011751 -0.997737 -0.446779 -0.849303 0.524190 0.062522 -0.111214 0.523739 0.851520 -0.024719 0.043020 0.000000 0.000000 0.000000 1.000000
-0.098167 -0.015984 -0.995042 -0.446780 -0.892448 0.443834 0.080916 -0.111214 0.440340 0.895967 -0.057834 0.043020 0.000000 0.000000 0.000000 1.000000
-0.126610 -0.050608 -0.990661 -0.446780 -0.930649 0.351707 0.100973 -0.111214 0.343312 0.934741 -0.091628 0.043020 0.000000 0.000000 0.000000 1.000000
-0.146992 -0.088023 -0.985213 -0.446780 -0.959913 0.253020 0.120612 -0.111214 0.238662 0.963448 -0.121686 0.043020 0.000000 0.000000 0.000000 1.000000
-0.157229 -0.123184 -0.979849 -0.446780 -0.978217 0.155598 0.137406 -0.111214 0.135536 0.980110 -0.144966 0.043020 0.000000 0.000000 0.000000 1.000000
-0.158440 -0.150194 -0.975878 -0.446780 -0.986122 0.073722 0.148757 -0.111214 0.049601 0.985904 -0.159791 0.043020 0.000000 0.000000 0.000000 1.000000
-0.156099 -0.161750 -0.974408 -0.446780 -0.987701 0.034532 0.152496 -0.111215 0.008982 0.986227 -0.165151 0.043020 0.000000 0.000000 0.000000 1.000000</float_array><technique_common><accessor source="#jnt_right_upleg-Matrix-animation-output-transform-array" count="21" stride="16"><param type="float4x4"/></accessor></technique_common></source><source id="jnt_right_upleg-Interpolations"><Name_array id="jnt_right_upleg-Interpolations-array" count="21">
 LINEAR LINEAR LINEAR LINEAR LINEAR LINEAR LINEAR LINEAR LINEAR LINEAR LINEAR
LINEAR LINEAR LINEAR LINEAR LINEAR LINEAR LINEAR LINEAR LINEAR LINEAR</Name_array><technique_common><accessor source="#jnt_right_upleg-Interpolations-array" count="21"><param type="name"/></accessor></technique_common></source><sampler id="jnt_right_upleg-Matrix-animation-transform"><input semantic="INPUT" source="#jnt_right_upleg-Matrix-animation-input"/><input semantic="OUTPUT" source="#jnt_right_upleg-Matrix-animation-output-transform"/><input semantic="INTERPOLATION" source="#jnt_right_upleg-Interpolations"/></sampler><channel source="#jnt_right_upleg-Matrix-animation-transform" target="jnt_right_upleg/matrix"/></animation></animation>
    <animation id="jnt_right_uplegroll-anim" name="jnt_right_uplegroll"><animation><source id="jnt_right_uplegroll-Matrix-animation-input"><float_array id="jnt_right_uplegroll-Matrix-animation-input-array" count="21">

0.000000 0.033333 0.066667 0.100000 0.133333 0.166667 0.200000 0.233333 0.266667 0.300000 0.333333 0.366667 0.400000 0.433333 0.466667 0.500000
0.533333 0.566667 0.600000 0.633333 0.666667</float_array><technique_common><accessor source="#jnt_right_uplegroll-Matrix-animation-input-array" count="21"><param name="TIME" type="float"/></accessor></technique_common></source><source id="jnt_right_uplegroll-Matrix-animation-output-transform"><float_array id="jnt_right_uplegroll-Matrix-animation-output-transform-array" count="336">

1.000000 -0.000000 -0.000000 0.430000 0.000000 1.000000 0.000000 -0.000000 -0.000000 0.000000 1.000000 -0.000000 0.000000 0.000000 0.000000 1.000000
1.000000 0.000000 0.000000 0.430000 -0.000000 1.000000 -0.000000 0.000000 -0.000000 0.000000 1.000000 0.000000 0.000000 0.000000 0.000000 1.000000
1.000000 0.000000 0.000000 0.430000 0.000000 1.000000 -0.000000 0.000000 -0.000000 -0.000000 1.000000 0.000000 0.000000 0.000000 0.000000 1.000000
1.000000 0.000000 -0.000000 0.430000 0.000000 1.000000 0.000000 0.000000 -0.000000 -0.000000 1.000000 0.000000 0.000000 0.000000 0.000000 1.000000
1.000000 0.000000 0.000000 0.430000 0.000000 1.000000 -0.000000 -0.000000 -0.000000 -0.000000 1.000000 0.000000 0.000000 0.000000 0.000000 1.000000
1.000000 -0.000000 0.000000 0.430000 0.000000 1.000000 0.000000 0.000000 -0.000000 0.000000 1.000000 -0.000000 0.000000 0.000000 0.000000 1.000000
1.000000 0.000000 0.000000 0.430000 -0.000000 1.000000 0.000000 0.000000 0.000000 0.000000 1.000000 0.000000 0.000000 0.000000 0.000000 1.000000
1.000000 0.000000 -0.000000 0.430000 0.000000 1.000000 -0.000000 -0.000000 0.000000 0.000000 1.000000 0.000000 0.000000 0.000000 0.000000 1.000000
1.000000 0.000000 0.000000 0.430000 0.000000 1.000000 0.000000 -0.000000 0.000000 0.000000 1.000000 0.000000 0.000000 0.000000 0.000000 1.000000
1.000000 0.000000 0.000000 0.430000 0.000000 1.000000 0.000000 -0.000000 0.000000 0.000000 1.000000 0.000000 0.000000 0.000000 0.000000 1.000000
1.000000 0.000000 -0.000000 0.430000 -0.000000 1.000000 0.000000 0.000000 -0.000000 0.000000 1.000000 -0.000000 0.000000 0.000000 0.000000 1.000000
1.000000 0.000000 -0.000000 0.430000 -0.000000 1.000000 0.000000 0.000000 0.000000 -0.000000 1.000000 0.000000 0.000000 0.000000 0.000000 1.000000
1.000000 0.000000 0.000000 0.430000 0.000000 1.000000 0.000000 0.000000 0.000000 0.000000 1.000000 0.000000 0.000000 0.000000 0.000000 1.000000
1.000000 -0.000000 0.000000 0.430000 -0.000000 1.000000 -0.000000 0.000000 -0.000000 -0.000000 1.000000 0.000000 0.000000 0.000000 0.000000 1.000000
1.000000 0.000000 -0.000000 0.430000 0.000000 1.000000 -0.000000 -0.000000 0.000000 0.000000 1.000000 0.000000 0.000000 0.000000 0.000000 1.000000
1.000000 -0.000000 0.000000 0.430000 -0.000000 1.000000 -0.000000 0.000000 0.000000 -0.000000 1.000000 -0.000000 0.000000 0.000000 0.000000 1.000000
1.000000 0.000000 0.000000 0.430000 0.000000 1.000000 0.000000 0.000000 0.000000 0.000000 1.000000 0.000000 0.000000 0.000000 0.000000 1.000000
1.000000 -0.000000 0.000000 0.430000 -0.000000 1.000000 0.000000 0.000000 0.000000 -0.000000 1.000000 0.000000 0.000000 0.000000 0.000000 1.000000
1.000000 0.000000 0.000000 0.430000 -0.000000 1.000000 0.000000 0.000000 0.000000 -0.000000 1.000000 -0.000000 0.000000 0.000000 0.000000 1.000000
1.000000 0.000000 -0.000000 0.430000 0.000000 1.000000 0.000000 -0.000000 0.000000 0.000000 1.000000 -0.000000 0.000000 0.000000 0.000000 1.000000
1.000000 0.000000 -0.000000 0.430000 -0.000000 1.000000 -0.000000 0.000000 0.000000 -0.000000 1.000000 0.000000 0.000000 0.000000 0.000000 1.000000</float_array><technique_common><accessor source="#jnt_right_uplegroll-Matrix-animation-output-transform-array" count="21" stride="16"><param type="float4x4"/></accessor></technique_common></source><source id="jnt_right_uplegroll-Interpolations"><Name_array id="jnt_right_uplegroll-Interpolations-array" count="21">
 LINEAR LINEAR LINEAR LINEAR LINEAR LINEAR LINEAR LINEAR LINEAR LINEAR LINEAR
LINEAR LINEAR LINEAR LINEAR LINEAR LINEAR LINEAR LINEAR LINEAR LINEAR</Name_array><technique_common><accessor source="#jnt_right_uplegroll-Interpolations-array" count="21"><param type="name"/></accessor></technique_common></source><sampler id="jnt_right_uplegroll-Matrix-animation-transform"><input semantic="INPUT" source="#jnt_right_uplegroll-Matrix-animation-input"/><input semantic="OUTPUT" source="#jnt_right_uplegroll-Matrix-animation-output-transform"/><input semantic="INTERPOLATION" source="#jnt_right_uplegroll-Interpolations"/></sampler><channel source="#jnt_right_uplegroll-Matrix-animation-transform" target="jnt_right_uplegroll/matrix"/></animation></animation>
    <animation id="jnt_right_leg-anim" name="jnt_right_leg"><animation><source id="jnt_right_leg-Matrix-animation-input"><float_array id="jnt_right_leg-Matrix-animation-input-array" count="21">

0.000000 0.033333 0.066667 0.100000 0.133333 0.166667 0.200000 0.233333 0.266667 0.300000 0.333333 0.366667 0.400000 0.433333 0.466667 0.500000
0.533333 0.566667 0.600000 0.633333 0.666667</float_array><technique_common><accessor source="#jnt_right_leg-Matrix-animation-input-array" count="21"><param name="TIME" type="float"/></accessor></technique_common></source><source id="jnt_right_leg-Matrix-animation-output-transform"><float_array id="jnt_right_leg-Matrix-animation-output-transform-array" count="336">

-0.051613 0.974760 0.217207 0.860324 -0.998562 -0.053536 0.002974 -0.000000 0.014527 -0.216741 0.976121 -0.000000 0.000000 0.000000 0.000000 1.000000
-0.205722 0.963648 0.170475 0.860324 -0.976703 -0.213052 0.025676 0.000000 0.061063 -0.161221 0.985027 -0.000000 0.000000 0.000000 0.000000 1.000000
-0.442431 0.887241 0.130609 0.860324 -0.885358 -0.455320 0.093940 0.000000 0.142816 -0.074074 0.986973 -0.000000 0.000000 0.000000 0.000000 1.000000
-0.549542 0.831256 0.083762 0.860324 -0.814464 -0.555367 0.167978 0.000000 0.186152 0.024090 0.982226 0.000000 0.000000 0.000000 0.000000 1.000000
-0.542009 0.838760 0.052044 0.860324 -0.819561 -0.541269 0.188008 0.000000 0.185864 0.059249 0.980788 0.000000 0.000000 0.000000 0.000000 1.000000
-0.501281 0.864376 0.039632 0.860324 -0.844714 -0.498778 0.194110 0.000000 0.187552 0.063826 0.980179 -0.000000 0.000000 0.000000 0.000000 1.000000
-0.440550 0.897014 0.035806 0.860324 -0.877472 -0.438692 0.193888 0.000000 0.189628 0.053998 0.980370 0.000000 0.000000 0.000000 0.000000 1.000000
-0.375101 0.926522 0.029260 0.860324 -0.907108 -0.373377 0.194282 0.000000 0.190932 0.046334 0.980509 0.000000 0.000000 0.000000 0.000000 1.000000
-0.300972 0.953629 -0.002672 0.860324 -0.935443 -0.294685 0.195211 0.000000 0.185371 0.061252 0.980758 0.000000 0.000000 0.000000 0.000000 1.000000
-0.205720 0.976830 -0.059015 0.860324 -0.963788 -0.191779 0.185292 -0.000000 0.169681 0.094997 0.980910 0.000000 0.000000 0.000000 0.000000 1.000000
-0.096183 0.987987 -0.120958 0.860324 -0.984301 -0.076341 0.159136 -0.000000 0.147990 0.134365 0.979819 0.000000 0.000000 0.000000 0.000000 1.000000
0.017675 0.985500 -0.168754 0.860325 -0.991949 0.038452 0.120658 0.000000 0.125397 0.165263 0.978245 0.000000 0.000000 0.000000 0.000000 1.000000
0.122927 0.975091 -0.184627 0.860324 -0.986550 0.140264 0.083931 0.000000 0.107737 0.171826 0.979218 0.000000 0.000000 0.000000 0.000000 1.000000
0.226218 0.958406 -0.174021 0.860324 -0.969508 0.238817 0.054957 0.000000 0.094230 0.156283 0.983207 0.000000 0.000000 0.000000 0.000000 1.000000
0.340916 0.926972 -0.156524 0.860324 -0.936658 0.349150 0.027665 0.000000 0.080295 0.137178 0.987287 0.000000 0.000000 0.000000 0.000000 1.000000
0.463203 0.875906 -0.135025 0.860324 -0.883791 0.467871 0.003232 0.000000 0.066005 0.117837 0.990837 0.000000 0.000000 0.000000 0.000000 1.000000
0.587651 0.801311 -0.112101 0.860324 -0.807487 0.589597 -0.018462 0.000000 0.051300 0.101369 0.993525 -0.000000 0.000000 0.000000 0.000000 1.000000
0.706218 0.702296 -0.089646 0.860324 -0.707053 0.706130 -0.038164 -0.000000 0.036499 0.090337 0.995242 0.000000 0.000000 0.000000 0.000000 1.000000
0.808024 0.585070 -0.069210 0.860324 -0.588704 0.806390 -0.056244 0.000000 0.022904 0.086191 0.996015 0.000000 0.000000 0.000000 0.000000 1.000000
0.879832 0.472257 -0.053566 0.860324 -0.475106 0.876987 -0.071887 0.000000 0.013027 0.088698 0.995973 0.000000 0.000000 0.000000 0.000000 1.000000
0.907688 0.416821 -0.048616 0.860324 -0.419543 0.903923 -0.083110 0.000000 0.009303 0.095835 0.995354 0.000000 0.000000 0.000000 0.000000 1.000000</float_array><technique_common><accessor source="#jnt_right_leg-Matrix-animation-output-transform-array" count="21" stride="16"><param type="float4x4"/></accessor></technique_common></source><source id="jnt_right_leg-Interpolations"><Name_array id="jnt_right_leg-Interpolations-array" count="21">
 LINEAR LINEAR LINEAR LINEAR LINEAR LINEAR LINEAR LINEAR LINEAR LINEAR LINEAR
LINEAR LINEAR LINEAR LINEAR LINEAR LINEAR LINEAR LINEAR LINEAR LINEAR</Name_array><technique_common><accessor source="#jnt_right_leg-Interpolations-array" count="21"><param type="name"/></accessor></technique_common></source><sampler id="jnt_right_leg-Matrix-animation-transform"><input semantic="INPUT" source="#jnt_right_leg-Matrix-animation-input"/><input semantic="OUTPUT" source="#jnt_right_leg-Matrix-animation-output-transform"/><input semantic="INTERPOLATION" source="#jnt_right_leg-Interpolations"/></sampler><channel source="#jnt_right_leg-Matrix-animation-transform" target="jnt_right_leg/matrix"/></animation></animation>
    <animation id="jnt_right_legroll-anim" name="jnt_right_legroll"><animation><source id="jnt_right_legroll-Matrix-animation-input"><float_array id="jnt_right_legroll-Matrix-animation-input-array" count="21">

0.000000 0.033333 0.066667 0.100000 0.133333 0.166667 0.200000 0.233333 0.266667 0.300000 0.333333 0.366667 0.400000 0.433333 0.466667 0.500000
0.533333 0.566667 0.600000 0.633333 0.666667</float_array><technique_common><accessor source="#jnt_right_legroll-Matrix-animation-input-array" count="21"><param name="TIME" type="float"/></accessor></technique_common></source><source id="jnt_right_legroll-Matrix-animation-output-transform"><float_array id="jnt_right_legroll-Matrix-animation-output-transform-array" count="336">

1.000000 -0.000000 0.000000 0.384000 0.000000 0.999998 0.002109 -0.000000 0.000000 -0.002109 0.999998 0.000000 0.000000 0.000000 0.000000 1.000000
1.000000 0.000000 0.000000 0.384000 0.000000 0.999764 0.021709 0.000000 0.000000 -0.021709 0.999764 0.000000 0.000000 0.000000 0.000000 1.000000
1.000000 0.000000 -0.000000 0.384000 0.000000 0.999590 0.028633 -0.000000 0.000000 -0.028633 0.999590 0.000000 0.000000 0.000000 0.000000 1.000000
1.000000 -0.000000 0.000000 0.384000 0.000000 1.000000 0.000000 -0.000000 0.000000 -0.000000 1.000000 0.000000 0.000000 0.000000 0.000000 1.000000
1.000000 0.000000 0.000000 0.384000 0.000000 1.000000 -0.000000 -0.000000 0.000000 0.000000 1.000000 0.000000 0.000000 0.000000 0.000000 1.000000
1.000000 0.000000 0.000000 0.384000 0.000000 1.000000 -0.000000 -0.000000 -0.000000 0.000000 1.000000 0.000000 0.000000 0.000000 0.000000 1.000000
1.000000 0.000000 0.000000 0.384000 -0.000000 1.000000 -0.000000 -0.000000 0.000000 0.000000 1.000000 -0.000000 0.000000 0.000000 0.000000 1.000000
1.000000 0.000000 0.000000 0.384000 0.000000 1.000000 0.000000 -0.000000 0.000000 -0.000000 1.000000 0.000000 0.000000 0.000000 0.000000 1.000000
1.000000 0.000000 0.000000 0.384000 0.000000 1.000000 -0.000000 0.000000 0.000000 0.000000 1.000000 -0.000000 0.000000 0.000000 0.000000 1.000000
1.000000 0.000000 0.000000 0.384000 -0.000000 1.000000 -0.000000 -0.000000 -0.000000 0.000000 1.000000 0.000000 0.000000 0.000000 0.000000 1.000000
1.000000 0.000000 0.000000 0.384000 -0.000000 1.000000 -0.000000 0.000000 -0.000000 0.000000 1.000000 -0.000000 0.000000 0.000000 0.000000 1.000000
1.000000 -0.000000 0.000000 0.384000 0.000000 1.000000 0.000000 0.000000 0.000000 -0.000000 1.000000 -0.000000 0.000000 0.000000 0.000000 1.000000
1.000000 0.000000 0.000000 0.384000 -0.000000 1.000000 -0.000000 -0.000000 -0.000000 -0.000000 1.000000 0.000000 0.000000 0.000000 0.000000 1.000000
1.000000 -0.000000 0.000000 0.384000 0.000000 1.000000 0.000000 0.000000 0.000000 -0.000000 1.000000 0.000000 0.000000 0.000000 0.000000 1.000000
1.000000 -0.000000 -0.000000 0.384000 0.000000 1.000000 0.000000 0.000000 0.000000 0.000000 1.000000 0.000000 0.000000 0.000000 0.000000 1.000000
1.000000 0.000000 -0.000000 0.384000 0.000000 1.000000 -0.000000 0.000000 0.000000 0.000000 1.000000 0.000000 0.000000 0.000000 0.000000 1.000000
1.000000 0.000000 0.000000 0.384000 0.000000 1.000000 0.000000 0.000000 0.000000 -0.000000 1.000000 0.000000 0.000000 0.000000 0.000000 1.000000
1.000000 0.000000 0.000000 0.384000 -0.000000 1.000000 0.000000 0.000000 0.000000 -0.000000 1.000000 0.000000 0.000000 0.000000 0.000000 1.000000
1.000000 0.000000 -0.000000 0.384000 -0.000000 1.000000 0.000000 -0.000000 0.000000 0.000000 1.000000 0.000000 0.000000 0.000000 0.000000 1.000000
1.000000 0.000000 0.000000 0.384000 -0.000000 1.000000 0.000000 0.000000 0.000000 -0.000000 1.000000 0.000000 0.000000 0.000000 0.000000 1.000000
1.000000 0.000000 0.000000 0.384000 0.000000 1.000000 0.000000 0.000000 -0.000000 -0.000000 1.000000 -0.000000 0.000000 0.000000 0.000000 1.000000</float_array><technique_common><accessor source="#jnt_right_legroll-Matrix-animation-output-transform-array" count="21" stride="16"><param type="float4x4"/></accessor></technique_common></source><source id="jnt_right_legroll-Interpolations"><Name_array id="jnt_right_legroll-Interpolations-array" count="21">
 LINEAR LINEAR LINEAR LINEAR LINEAR LINEAR LINEAR LINEAR LINEAR LINEAR LINEAR
LINEAR LINEAR LINEAR LINEAR LINEAR LINEAR LINEAR LINEAR LINEAR LINEAR</Name_array><technique_common><accessor source="#jnt_right_legroll-Interpolations-array" count="21"><param type="name"/></accessor></technique_common></source><sampler id="jnt_right_legroll-Matrix-animation-transform"><input semantic="INPUT" source="#jnt_right_legroll-Matrix-animation-input"/><input semantic="OUTPUT" source="#jnt_right_legroll-Matrix-animation-output-transform"/><input semantic="INTERPOLATION" source="#jnt_right_legroll-Interpolations"/></sampler><channel source="#jnt_right_legroll-Matrix-animation-transform" target="jnt_right_legroll/matrix"/></animation></animation>
    <animation id="jnt_right_foot-anim" name="jnt_right_foot"><animation><source id="jnt_right_foot-Matrix-animation-input"><float_array id="jnt_right_foot-Matrix-animation-input-array" count="21">

0.000000 0.033333 0.066667 0.100000 0.133333 0.166667 0.200000 0.233333 0.266667 0.300000 0.333333 0.366667 0.400000 0.433333 0.466667 0.500000
0.533333 0.566667 0.600000 0.633333 0.666667</float_array><technique_common><accessor source="#jnt_right_foot-Matrix-animation-input-array" count="21"><param name="TIME" type="float"/></accessor></technique_common></source><source id="jnt_right_foot-Matrix-animation-output-transform"><float_array id="jnt_right_foot-Matrix-animation-output-transform-array" count="336">

0.393753 -0.883820 0.252629 0.768145 0.918954 0.385051 -0.085205 -0.000000 -0.021969 0.265704 0.963804 0.000000 0.000000 0.000000 0.000000 1.000000
0.074194 -0.931370 0.356434 0.768145 0.995320 0.046969 -0.084452 -0.000000 0.061914 0.361031 0.930496 0.000000 0.000000 0.000000 0.000000 1.000000
-0.404393 -0.775498 0.484840 0.768145 0.873942 -0.483932 -0.045111 -0.000000 0.269613 0.405479 0.873439 0.000000 0.000000 0.000000 0.000000 1.000000
-0.634557 -0.528466 0.563969 0.768144 0.661416 -0.748812 0.042527 -0.000000 0.399832 0.400004 0.824700 0.000000 0.000000 0.000000 0.000000 1.000000
-0.641375 -0.498899 0.582870 0.768145 0.650966 -0.755940 0.069270 -0.000000 0.406056 0.423857 0.809608 0.000000 0.000000 0.000000 0.000000 1.000000
-0.607530 -0.544015 0.578754 0.768144 0.685355 -0.727330 0.035759 -0.000000 0.401492 0.418376 0.814718 0.000000 0.000000 0.000000 0.000000 1.000000
-0.552537 -0.616516 0.560902 0.768145 0.735093 -0.677650 -0.020710 -0.000000 0.392863 0.400873 0.827623 -0.000000 0.000000 0.000000 0.000000 1.000000
-0.501150 -0.675071 0.541412 0.768144 0.775191 -0.628286 -0.065848 -0.000000 0.384614 0.386698 0.838175 0.000000 0.000000 0.000000 0.000000 1.000000
-0.454563 -0.720670 0.523457 0.768144 0.814931 -0.573703 -0.082171 0.000000 0.359527 0.389229 0.848081 0.000000 0.000000 0.000000 0.000000 1.000000
-0.395882 -0.772108 0.497119 0.768145 0.865038 -0.495237 -0.080308 -0.000000 0.308198 0.398234 0.863958 0.000000 0.000000 0.000000 0.000000 1.000000
-0.331521 -0.820305 0.466040 0.768145 0.910692 -0.407275 -0.069041 -0.000000 0.246441 0.401530 0.882066 0.000000 0.000000 0.000000 0.000000 1.000000
-0.268559 -0.859614 0.434671 0.768145 0.943765 -0.325143 -0.059910 0.000000 0.192830 0.394138 0.898594 -0.000000 0.000000 0.000000 0.000000 1.000000
-0.215045 -0.887276 0.408041 0.768145 0.962222 -0.263939 -0.066820 0.000000 0.166985 0.378257 0.910515 -0.000000 0.000000 0.000000 0.000000 1.000000
-0.173503 -0.906013 0.386052 0.768145 0.971463 -0.221823 -0.083985 0.000000 0.161727 0.360464 0.918646 0.000000 0.000000 0.000000 0.000000 1.000000
-0.136956 -0.920083 0.367002 0.768145 0.978147 -0.184122 -0.096579 -0.000000 0.156434 0.345754 0.925193 0.000000 0.000000 0.000000 0.000000 1.000000
-0.099476 -0.931160 0.350779 0.768144 0.983574 -0.145381 -0.106992 0.000000 0.150624 0.334374 0.930326 0.000000 0.000000 0.000000 0.000000 1.000000
-0.056635 -0.939872 0.336798 0.768145 0.987918 -0.101498 -0.117117 0.000000 0.144259 0.326095 0.934265 0.000000 0.000000 0.000000 0.000000 1.000000
-0.006422 -0.945996 0.324114 0.768145 0.990452 -0.050652 -0.128212 0.000000 0.137705 0.320196 0.937289 0.000000 0.000000 0.000000 0.000000 1.000000
0.049353 -0.948811 0.311964 0.768145 0.990064 0.005297 -0.140520 -0.000000 0.131675 0.315799 0.939645 0.000000 0.000000 0.000000 0.000000 1.000000
0.101207 -0.948125 0.301357 0.768145 0.986711 0.056957 -0.152176 0.000000 0.127118 0.312754 0.941290 0.000000 0.000000 0.000000 0.000000 1.000000
0.125470 -0.946433 0.297525 0.768145 0.984185 0.080941 -0.157568 0.000000 0.125046 0.312590 0.941622 -0.000000 0.000000 0.000000 0.000000 1.000000</float_array><technique_common><accessor source="#jnt_right_foot-Matrix-animation-output-transform-array" count="21" stride="16"><param type="float4x4"/></accessor></technique_common></source><source id="jnt_right_foot-Interpolations"><Name_array id="jnt_right_foot-Interpolations-array" count="21">
 LINEAR LINEAR LINEAR LINEAR LINEAR LINEAR LINEAR LINEAR LINEAR LINEAR LINEAR
LINEAR LINEAR LINEAR LINEAR LINEAR LINEAR LINEAR LINEAR LINEAR LINEAR</Name_array><technique_common><accessor source="#jnt_right_foot-Interpolations-array" count="21"><param type="name"/></accessor></technique_common></source><sampler id="jnt_right_foot-Matrix-animation-transform"><input semantic="INPUT" source="#jnt_right_foot-Matrix-animation-input"/><input semantic="OUTPUT" source="#jnt_right_foot-Matrix-animation-output-transform"/><input semantic="INTERPOLATION" source="#jnt_right_foot-Interpolations"/></sampler><channel source="#jnt_right_foot-Matrix-animation-transform" target="jnt_right_foot/matrix"/></animation></animation>
    <animation id="jnt_right_toebase-anim" name="jnt_right_toebase"><animation><source id="jnt_right_toebase-Matrix-animation-input"><float_array id="jnt_right_toebase-Matrix-animation-input-array" count="21">

0.000000 0.033333 0.066667 0.100000 0.133333 0.166667 0.200000 0.233333 0.266667 0.300000 0.333333 0.366667 0.400000 0.433333 0.466667 0.500000
0.533333 0.566667 0.600000 0.633333 0.666667</float_array><technique_common><accessor source="#jnt_right_toebase-Matrix-animation-input-array" count="21"><param name="TIME" type="float"/></accessor></technique_common></source><source id="jnt_right_toebase-Matrix-animation-output-transform"><float_array id="jnt_right_toebase-Matrix-animation-output-transform-array" count="336">

0.918936 -0.394407 0.000002 0.441847 0.394407 0.918936 0.000001 -0.000000 -0.000002 0.000000 1.000000 0.000000 0.000000 0.000000 0.000000 1.000000
0.917556 -0.397284 -0.016030 0.441847 0.397578 0.917233 0.024799 -0.000000 0.004851 -0.029128 0.999564 0.000000 0.000000 0.000000 0.000000 1.000000
0.914987 -0.400856 -0.045966 0.441847 0.403254 0.912352 0.070719 -0.000000 0.013589 -0.083244 0.996437 -0.000000 0.000000 0.000000 0.000000 1.000000
0.914005 -0.400924 -0.062085 0.441847 0.405296 0.909182 0.095513 -0.000000 0.018153 -0.112463 0.993490 0.000000 0.000000 0.000000 0.000000 1.000000
0.915067 -0.398509 -0.061983 0.441847 0.402891 0.910205 0.095949 -0.000000 0.018180 -0.112772 0.993455 0.000000 0.000000 0.000000 0.000000 1.000000
0.916405 -0.395445 -0.061851 0.441847 0.399838 0.911492 0.096501 0.000000 0.018216 -0.113165 0.993409 -0.000000 0.000000 0.000000 0.000000 1.000000
0.917827 -0.392155 -0.061708 0.441847 0.396560 0.912860 0.097093 -0.000000 0.018255 -0.113585 0.993361 0.000000 0.000000 0.000000 0.000000 1.000000
0.919150 -0.389065 -0.061571 0.441847 0.393482 0.914132 0.097647 -0.000000 0.018293 -0.113979 0.993315 0.000000 0.000000 0.000000 0.000000 1.000000
0.920529 -0.385814 -0.061432 0.441847 0.390243 0.915457 0.098226 0.000000 0.018342 -0.114393 0.993266 -0.000000 0.000000 0.000000 0.000000 1.000000
0.922057 -0.382173 -0.061279 0.441847 0.386617 0.916926 0.098869 0.000000 0.018404 -0.114854 0.993212 -0.000000 0.000000 0.000000 0.000000 1.000000
0.923466 -0.378779 -0.061137 0.441847 0.383237 0.918279 0.099465 0.000000 0.018465 -0.115283 0.993161 -0.000000 0.000000 0.000000 0.000000 1.000000
0.924497 -0.376272 -0.061033 0.441847 0.380740 0.919269 0.099905 -0.000000 0.018515 -0.115599 0.993123 -0.000000 0.000000 0.000000 0.000000 1.000000
0.924897 -0.375294 -0.060994 0.441847 0.379766 0.919654 0.100075 0.000000 0.018536 -0.115722 0.993109 0.000000 0.000000 0.000000 0.000000 1.000000
0.924662 -0.376271 -0.058483 0.441847 0.380374 0.919863 0.095747 0.000000 0.017770 -0.110779 0.993686 -0.000000 0.000000 0.000000 0.000000 1.000000
0.924035 -0.378781 -0.051817 0.441847 0.381985 0.920311 0.084351 -0.000000 0.015738 -0.097736 0.995088 0.000000 0.000000 0.000000 0.000000 1.000000
0.923127 -0.382165 -0.042275 0.441847 0.384282 0.920687 0.068278 -0.000000 0.012828 -0.079275 0.996770 -0.000000 0.000000 0.000000 0.000000 1.000000
0.922054 -0.385803 -0.031172 0.441847 0.386946 0.920750 0.049917 -0.000000 0.009443 -0.058088 0.998267 -0.000000 0.000000 0.000000 0.000000 1.000000
0.920947 -0.389179 -0.019901 0.441847 0.389641 0.920423 0.031633 0.000000 0.006007 -0.036886 0.999301 -0.000000 0.000000 0.000000 0.000000 1.000000
0.919952 -0.391904 -0.009936 0.441847 0.392019 0.919822 0.015752 0.000000 0.002966 -0.018386 0.999827 0.000000 0.000000 0.000000 0.000000 1.000000
0.919232 -0.393707 -0.002815 0.441847 0.393716 0.919221 0.004562 0.000000 0.000792 -0.005302 0.999986 -0.000000 0.000000 0.000000 0.000000 1.000000
0.918954 -0.394364 -0.000123 0.441847 0.394364 0.918954 0.000314 0.000000 -0.000011 -0.000337 1.000000 -0.000000 0.000000 0.000000 0.000000 1.000000</float_array><technique_common><accessor source="#jnt_right_toebase-Matrix-animation-output-transform-array" count="21" stride="16"><param type="float4x4"/></accessor></technique_common></source><source id="jnt_right_toebase-Interpolations"><Name_array id="jnt_right_toebase-Interpolations-array" count="21">
 LINEAR LINEAR LINEAR LINEAR LINEAR LINEAR LINEAR LINEAR LINEAR LINEAR LINEAR
LINEAR LINEAR LINEAR LINEAR LINEAR LINEAR LINEAR LINEAR LINEAR LINEAR</Name_array><technique_common><accessor source="#jnt_right_toebase-Interpolations-array" count="21"><param type="name"/></accessor></technique_common></source><sampler id="jnt_right_toebase-Matrix-animation-transform"><input semantic="INPUT" source="#jnt_right_toebase-Matrix-animation-input"/><input semantic="OUTPUT" source="#jnt_right_toebase-Matrix-animation-output-transform"/><input semantic="INTERPOLATION" source="#jnt_right_toebase-Interpolations"/></sampler><channel source="#jnt_right_toebase-Matrix-animation-transform" target="jnt_right_toebase/matrix"/></animation></animation>
    <animation id="jnt_right_toeend-anim" name="jnt_right_toeend"><animation><source id="jnt_right_toeend-Matrix-animation-input"><float_array id="jnt_right_toeend-Matrix-animation-input-array" count="21">

0.000000 0.033333 0.066667 0.100000 0.133333 0.166667 0.200000 0.233333 0.266667 0.300000 0.333333 0.366667 0.400000 0.433333 0.466667 0.500000
0.533333 0.566667 0.600000 0.633333 0.666667</float_array><technique_common><accessor source="#jnt_right_toeend-Matrix-animation-input-array" count="21"><param name="TIME" type="float"/></accessor></technique_common></source><source id="jnt_right_toeend-Matrix-animation-output-transform"><float_array id="jnt_right_toeend-Matrix-animation-output-transform-array" count="336">

1.000000 -0.000000 -0.000000 0.379397 -0.000000 1.000000 0.000000 0.000000 0.000000 0.000000 1.000000 0.000000 0.000000 0.000000 0.000000 1.000000
1.000000 -0.000000 0.000000 0.379397 0.000000 1.000000 -0.000000 0.000000 -0.000000 0.000000 1.000000 0.000000 0.000000 0.000000 0.000000 1.000000
1.000000 0.000000 0.000000 0.379397 -0.000000 1.000000 0.000000 0.000000 0.000000 0.000000 1.000000 -0.000000 0.000000 0.000000 0.000000 1.000000
1.000000 0.000000 -0.000000 0.379397 0.000000 1.000000 -0.000000 0.000000 -0.000000 0.000000 1.000000 -0.000000 0.000000 0.000000 0.000000 1.000000
1.000000 -0.000000 0.000000 0.379397 0.000000 1.000000 0.000000 0.000000 -0.000000 -0.000000 1.000000 0.000000 0.000000 0.000000 0.000000 1.000000
1.000000 -0.000000 0.000000 0.379397 -0.000000 1.000000 0.000000 0.000000 0.000000 0.000000 1.000000 -0.000000 0.000000 0.000000 0.000000 1.000000
1.000000 0.000000 0.000000 0.379397 0.000000 1.000000 0.000000 0.000000 0.000000 0.000000 1.000000 -0.000000 0.000000 0.000000 0.000000 1.000000
1.000000 -0.000000 -0.000000 0.379397 0.000000 1.000000 0.000000 0.000000 0.000000 0.000000 1.000000 -0.000000 0.000000 0.000000 0.000000 1.000000
1.000000 0.000000 0.000000 0.379397 0.000000 1.000000 0.000000 0.000000 -0.000000 0.000000 1.000000 -0.000000 0.000000 0.000000 0.000000 1.000000
1.000000 -0.000000 0.000000 0.379397 -0.000000 1.000000 0.000000 0.000000 0.000000 0.000000 1.000000 0.000000 0.000000 0.000000 0.000000 1.000000
1.000000 0.000000 -0.000000 0.379397 0.000000 1.000000 -0.000000 0.000000 0.000000 -0.000000 1.000000 -0.000000 0.000000 0.000000 0.000000 1.000000
1.000000 0.000000 -0.000000 0.379397 0.000000 1.000000 0.000000 0.000000 -0.000000 0.000000 1.000000 -0.000000 0.000000 0.000000 0.000000 1.000000
1.000000 -0.000000 0.000000 0.379397 0.000000 1.000000 -0.000000 0.000000 0.000000 0.000000 1.000000 -0.000000 0.000000 0.000000 0.000000 1.000000
1.000000 0.000000 0.000000 0.379397 0.000000 1.000000 -0.000000 0.000000 0.000000 -0.000000 1.000000 0.000000 0.000000 0.000000 0.000000 1.000000
1.000000 0.000000 0.000000 0.379397 0.000000 1.000000 0.000000 0.000000 0.000000 0.000000 1.000000 -0.000000 0.000000 0.000000 0.000000 1.000000
1.000000 -0.000000 -0.000000 0.379397 0.000000 1.000000 0.000000 0.000000 -0.000000 -0.000000 1.000000 -0.000000 0.000000 0.000000 0.000000 1.000000
1.000000 0.000000 0.000000 0.379397 -0.000000 1.000000 0.000000 0.000000 0.000000 -0.000000 1.000000 -0.000000 0.000000 0.000000 0.000000 1.000000
1.000000 -0.000000 0.000000 0.379397 0.000000 1.000000 0.000000 0.000000 -0.000000 0.000000 1.000000 0.000000 0.000000 0.000000 0.000000 1.000000
1.000000 -0.000000 0.000000 0.379397 -0.000000 1.000000 0.000000 0.000000 0.000000 0.000000 1.000000 0.000000 0.000000 0.000000 0.000000 1.000000
1.000000 -0.000000 0.000000 0.379397 -0.000000 1.000000 -0.000000 0.000000 0.000000 0.000000 1.000000 0.000000 0.000000 0.000000 0.000000 1.000000
1.000000 0.000000 0.000000 0.379397 0.000000 1.000000 0.000000 0.000000 0.000000 -0.000000 1.000000 0.000000 0.000000 0.000000 0.000000 1.000000</float_array><technique_common><accessor source="#jnt_right_toeend-Matrix-animation-output-transform-array" count="21" stride="16"><param type="float4x4"/></accessor></technique_common></source><source id="jnt_right_toeend-Interpolations"><Name_array id="jnt_right_toeend-Interpolations-array" count="21">
 LINEAR LINEAR LINEAR LINEAR LINEAR LINEAR LINEAR LINEAR LINEAR LINEAR LINEAR
LINEAR LINEAR LINEAR LINEAR LINEAR LINEAR LINEAR LINEAR LINEAR LINEAR</Name_array><technique_common><accessor source="#jnt_right_toeend-Interpolations-array" count="21"><param type="name"/></accessor></technique_common></source><sampler id="jnt_right_toeend-Matrix-animation-transform"><input semantic="INPUT" source="#jnt_right_toeend-Matrix-animation-input"/><input semantic="OUTPUT" source="#jnt_right_toeend-Matrix-animation-output-transform"/><input semantic="INTERPOLATION" source="#jnt_right_toeend-Interpolations"/></sampler><channel source="#jnt_right_toeend-Matrix-animation-transform" target="jnt_right_toeend/matrix"/></animation></animation>
    <animation id="jnt_left_upleg-anim" name="jnt_left_upleg"><animation><source id="jnt_left_upleg-Matrix-animation-input"><float_array id="jnt_left_upleg-Matrix-animation-input-array" count="21">

0.000000 0.033333 0.066667 0.100000 0.133333 0.166667 0.200000 0.233333 0.266667 0.300000 0.333333 0.366667 0.400000 0.433333 0.466667 0.500000
