<?xml version="1.0" encoding="utf-8"?>
<COLLADA xmlns="http://www.collada.org/2005/11/COLLADASchema" version="1.4.1">
  <asset><contributor><author></author><authoring_tool>FBX COLLADA exporter</authoring_tool><comments></comments></contributor><created>2018-04-04T19:20:09Z</created><keywords></keywords><modified>2018-04-04T19:20:09Z</modified><revision></revision><subject></subject><title></title><unit meter="0.010000" name="centimeter"></unit><up_axis>Y_UP</up_axis></asset>
  <library_animations>
    <animation id="jnt_hips-anim" name="jnt_hips"><animation><source id="jnt_hips-Matrix-animation-input"><float_array id="jnt_hips-Matrix-animation-input-array" count="13">

0.000000 0.033333 0.066667 0.100000 0.133333 0.166667 0.200000 0.233333 0.266667 0.300000 0.333333 0.366667 0.400000</float_array><technique_common><accessor source="#jnt_hips-Matrix-animation-input-array" count="13"><param name="TIME" type="float"/></accessor></technique_common></source><source id="jnt_hips-Matrix-animation-output-transform"><float_array id="jnt_hips-Matrix-animation-output-transform-array" count="208">

0.919777 0.000001 -0.392442 0.029704 -0.037480 0.995429 -0.087842 1.214980 0.390648 0.095504 0.915573 -0.238767 0.000000 0.000000 0.000000 1.000000
0.919777 0.000001 -0.392442 0.004101 -0.036872 0.995577 -0.086416 1.226385 0.390706 0.093954 0.915708 -0.245513 0.000000 0.000000 0.000000 1.000000
0.919777 0.000001 -0.392442 -0.013509 -0.036510 0.995663 -0.085569 1.279268 0.390740 0.093032 0.915788 -0.251523 0.000000 0.000000 0.000000 1.000000
0.919777 0.000001 -0.392441 -0.016535 -0.036798 0.995594 -0.086242 1.326729 0.390712 0.093765 0.915725 -0.250563 0.000000 0.000000 0.000000 1.000000
0.919777 0.000001 -0.392442 -0.007632 -0.037531 0.995417 -0.087961 1.317046 0.390643 0.095633 0.915561 -0.246724 0.000000 0.000000 0.000000 1.000000
0.919777 0.000001 -0.392442 0.008655 -0.038384 0.995205 -0.089961 1.264036 0.390560 0.097807 0.915367 -0.242500 0.000000 0.000000 0.000000 1.000000
0.919777 0.000001 -0.392442 0.037117 -0.039079 0.995030 -0.091590 1.216209 0.390491 0.099578 0.915205 -0.238238 0.000000 0.000000 0.000000 1.000000
0.919777 0.000001 -0.392442 0.077021 -0.039489 0.994925 -0.092551 1.225577 0.390450 0.100623 0.915109 -0.233434 0.000000 0.000000 0.000000 1.000000
0.919777 0.000001 -0.392442 0.105822 -0.039538 0.994912 -0.092664 1.287035 0.390445 0.100746 0.915097 -0.230515 0.000000 0.000000 0.000000 1.000000
0.919777 0.000001 -0.392442 0.106703 -0.039214 0.994995 -0.091905 1.335544 0.390478 0.099921 0.915174 -0.231655 0.000000 0.000000 0.000000 1.000000
0.919777 0.000001 -0.392441 0.090552 -0.038673 0.995133 -0.090636 1.325463 0.390531 0.098542 0.915300 -0.234595 0.000000 0.000000 0.000000 1.000000
0.919777 0.000001 -0.392442 0.064059 -0.038059 0.995286 -0.089198 1.268300 0.390592 0.096979 0.915442 -0.237337 0.000000 0.000000 0.000000 1.000000
0.919777 0.000001 -0.392442 0.029734 -0.037480 0.995429 -0.087842 1.214789 0.390648 0.095504 0.915573 -0.238577 0.000000 0.000000 0.000000 1.000000</float_array><technique_common><accessor source="#jnt_hips-Matrix-animation-output-transform-array" count="13" stride="16"><param type="float4x4"/></accessor></technique_common></source><source id="jnt_hips-Interpolations"><Name_array id="jnt_hips-Interpolations-array" count="13">
 LINEAR LINEAR LINEAR LINEAR LINEAR LINEAR LINEAR LINEAR LINEAR LINEAR LINEAR
LINEAR LINEAR</Name_array><technique_common><accessor source="#jnt_hips-Interpolations-array" count="13"><param type="name"/></accessor></technique_common></source><sampler id="jnt_hips-Matrix-animation-transform"><input semantic="INPUT" source="#jnt_hips-Matrix-animation-input"/><input semantic="OUTPUT" source="#jnt_hips-Matrix-animation-output-transform"/><input semantic="INTERPOLATION" source="#jnt_hips-Interpolations"/></sampler><channel source="#jnt_hips-Matrix-animation-transform" target="jnt_hips/matrix"/></animation></animation>
    <animation id="jnt_right_upleg-anim" name="jnt_right_upleg"><animation><source id="jnt_right_upleg-Matrix-animation-input"><float_array id="jnt_right_upleg-Matrix-animation-input-array" count="13">

0.000000 0.033333 0.066667 0.100000 0.133333 0.166667 0.200000 0.233333 0.266667 0.300000 0.333333 0.366667 0.400000</float_array><technique_common><accessor source="#jnt_right_upleg-Matrix-animation-input-array" count="13"><param name="TIME" type="float"/></accessor></technique_common></source><source id="jnt_right_upleg-Matrix-animation-output-transform"><float_array id="jnt_right_upleg-Matrix-animation-output-transform-array" count="208">

-0.103719 -0.740095 -0.664456 -0.446780 -0.089569 0.672295 -0.734845 -0.111214 0.990565 -0.016703 -0.136019 0.043020 0.000000 0.000000 0.000000 1.000000
-0.046409 -0.728798 -0.683154 -0.446780 -0.165078 0.680083 -0.714308 -0.111214 0.985188 0.079623 -0.151870 0.043020 0.000000 0.000000 0.000000 1.000000
0.005187 -0.667241 -0.744824 -0.446779 -0.323789 0.703587 -0.632555 -0.111214 0.946115 0.244447 -0.212396 0.043020 0.000000 0.000000 0.000000 1.000000
0.013054 -0.553148 -0.832981 -0.446780 -0.540821 0.696781 -0.471179 -0.111214 0.841036 0.456644 -0.290058 0.043020 0.000000 0.000000 0.000000 1.000000
-0.032648 -0.410875 -0.911107 -0.446779 -0.757128 0.605253 -0.245816 -0.111214 0.652450 0.681799 -0.330845 0.043020 0.000000 0.000000 0.000000 1.000000
-0.103155 -0.289187 -0.951698 -0.446779 -0.904868 0.424566 -0.030931 -0.111214 0.413004 0.857971 -0.305472 0.043020 0.000000 0.000000 0.000000 1.000000
-0.188282 -0.190902 -0.963383 -0.446779 -0.935323 0.334027 0.116608 -0.111214 0.299535 0.923029 -0.241446 0.043020 0.000000 0.000000 0.000000 1.000000
-0.228774 -0.022991 -0.973208 -0.446779 -0.840125 0.509704 0.185449 -0.111214 0.491784 0.860043 -0.135922 0.043020 0.000000 0.000000 0.000000 1.000000
-0.157599 -0.013171 -0.987415 -0.446779 -0.576994 0.812697 0.081252 -0.111214 0.801399 0.582538 -0.135680 0.043020 0.000000 0.000000 0.000000 1.000000
-0.212280 -0.281682 -0.935731 -0.446780 -0.186879 0.951584 -0.244059 -0.111214 0.959173 0.123059 -0.254643 0.043020 0.000000 0.000000 0.000000 1.000000
-0.288508 -0.639701 -0.712422 -0.446780 -0.145502 0.764712 -0.627730 -0.111214 0.946358 -0.077446 -0.313703 0.043020 0.000000 0.000000 0.000000 1.000000
-0.188485 -0.794481 -0.577298 -0.446780 -0.185688 0.606062 -0.773439 -0.111214 0.964362 -0.038584 -0.261759 0.043020 0.000000 0.000000 0.000000 1.000000
-0.103596 -0.739849 -0.664749 -0.446779 -0.089106 0.672561 -0.734657 -0.111214 0.990620 -0.016875 -0.135599 0.043020 0.000000 0.000000 0.000000 1.000000</float_array><technique_common><accessor source="#jnt_right_upleg-Matrix-animation-output-transform-array" count="13" stride="16"><param type="float4x4"/></accessor></technique_common></source><source id="jnt_right_upleg-Interpolations"><Name_array id="jnt_right_upleg-Interpolations-array" count="13">
 LINEAR LINEAR LINEAR LINEAR LINEAR LINEAR LINEAR LINEAR LINEAR LINEAR LINEAR
LINEAR LINEAR</Name_array><technique_common><accessor source="#jnt_right_upleg-Interpolations-array" count="13"><param type="name"/></accessor></technique_common></source><sampler id="jnt_right_upleg-Matrix-animation-transform"><input semantic="INPUT" source="#jnt_right_upleg-Matrix-animation-input"/><input semantic="OUTPUT" source="#jnt_right_upleg-Matrix-animation-output-transform"/><input semantic="INTERPOLATION" source="#jnt_right_upleg-Interpolations"/></sampler><channel source="#jnt_right_upleg-Matrix-animation-transform" target="jnt_right_upleg/matrix"/></animation></animation>
    <animation id="jnt_right_uplegroll-anim" name="jnt_right_uplegroll"><animation><source id="jnt_right_uplegroll-Matrix-animation-input"><float_array id="jnt_right_uplegroll-Matrix-animation-input-array" count="13">

0.000000 0.033333 0.066667 0.100000 0.133333 0.166667 0.200000 0.233333 0.266667 0.300000 0.333333 0.366667 0.400000</float_array><technique_common><accessor source="#jnt_right_uplegroll-Matrix-animation-input-array" count="13"><param name="TIME" type="float"/></accessor></technique_common></source><source id="jnt_right_uplegroll-Matrix-animation-output-transform"><float_array id="jnt_right_uplegroll-Matrix-animation-output-transform-array" count="208">

1.000000 -0.000000 -0.000000 0.430000 0.000000 1.000000 0.000000 -0.000000 0.000000 0.000000 1.000000 0.000000 0.000000 0.000000 0.000000 1.000000
1.000000 0.000000 -0.000000 0.430000 -0.000000 1.000000 -0.000000 0.000000 0.000000 -0.000000 1.000000 0.000000 0.000000 0.000000 0.000000 1.000000
1.000000 0.000000 -0.000000 0.430000 -0.000000 1.000000 0.000000 -0.000000 -0.000000 -0.000000 1.000000 0.000000 0.000000 0.000000 0.000000 1.000000
1.000000 0.000000 0.000000 0.430000 -0.000000 1.000000 -0.000000 0.000000 0.000000 0.000000 1.000000 0.000000 0.000000 0.000000 0.000000 1.000000
1.000000 -0.000000 -0.000000 0.430000 -0.000000 1.000000 0.000000 0.000000 -0.000000 -0.000000 1.000000 0.000000 0.000000 0.000000 0.000000 1.000000
1.000000 -0.000000 -0.000000 0.430001 0.000000 1.000000 -0.000000 0.000000 0.000000 0.000000 1.000000 0.000000 0.000000 0.000000 0.000000 1.000000
1.000000 0.000000 0.000000 0.430001 -0.000000 1.000000 0.000000 -0.000000 -0.000000 -0.000000 1.000000 0.000000 0.000000 0.000000 0.000000 1.000000
1.000000 0.000000 -0.000000 0.430000 -0.000000 1.000000 0.000000 -0.000000 0.000000 0.000000 1.000000 0.000000 0.000000 0.000000 0.000000 1.000000
1.000000 -0.000000 0.000000 0.430000 0.000000 1.000000 -0.000000 -0.000000 0.000000 0.000000 1.000000 0.000000 0.000000 0.000000 0.000000 1.000000
1.000000 0.000000 -0.000000 0.430000 0.000000 1.000000 0.000000 -0.000000 0.000000 0.000000 1.000000 0.000000 0.000000 0.000000 0.000000 1.000000
1.000000 0.000000 0.000000 0.430000 -0.000000 1.000000 -0.000000 0.000000 0.000000 0.000000 1.000000 0.000000 0.000000 0.000000 0.000000 1.000000
1.000000 -0.000000 0.000000 0.430000 -0.000000 1.000000 0.000000 0.000000 0.000000 0.000000 1.000000 0.000000 0.000000 0.000000 0.000000 1.000000
1.000000 0.000000 0.000000 0.430000 0.000000 1.000000 -0.000000 0.000000 0.000000 -0.000000 1.000000 -0.000000 0.000000 0.000000 0.000000 1.000000</float_array><technique_common><accessor source="#jnt_right_uplegroll-Matrix-animation-output-transform-array" count="13" stride="16"><param type="float4x4"/></accessor></technique_common></source><source id="jnt_right_uplegroll-Interpolations"><Name_array id="jnt_right_uplegroll-Interpolations-array" count="13">
 LINEAR LINEAR LINEAR LINEAR LINEAR LINEAR LINEAR LINEAR LINEAR LINEAR LINEAR
LINEAR LINEAR</Name_array><technique_common><accessor source="#jnt_right_uplegroll-Interpolations-array" count="13"><param type="name"/></accessor></technique_common></source><sampler id="jnt_right_uplegroll-Matrix-animation-transform"><input semantic="INPUT" source="#jnt_right_uplegroll-Matrix-animation-input"/><input semantic="OUTPUT" source="#jnt_right_uplegroll-Matrix-animation-output-transform"/><input semantic="INTERPOLATION" source="#jnt_right_uplegroll-Interpolations"/></sampler><channel source="#jnt_right_uplegroll-Matrix-animation-transform" target="jnt_right_uplegroll/matrix"/></animation></animation>
    <animation id="jnt_right_leg-anim" name="jnt_right_leg"><animation><source id="jnt_right_leg-Matrix-animation-input"><float_array id="jnt_right_leg-Matrix-animation-input-array" count="13">

0.000000 0.033333 0.066667 0.100000 0.133333 0.166667 0.200000 0.233333 0.266667 0.300000 0.333333 0.366667 0.400000</float_array><technique_common><accessor source="#jnt_right_leg-Matrix-animation-input-array" count="13"><param name="TIME" type="float"/></accessor></technique_common></source><source id="jnt_right_leg-Matrix-animation-output-transform"><float_array id="jnt_right_leg-Matrix-animation-output-transform-array" count="208">

-0.141902 0.981172 -0.131018 0.860324 -0.988992 -0.146134 -0.023228 -0.000000 -0.041937 0.126280 0.991108 0.000000 0.000000 0.000000 0.000000 1.000000
-0.281049 0.940738 -0.189800 0.860324 -0.959546 -0.271985 0.072775 0.000000 0.016839 0.202575 0.979122 0.000000 0.000000 0.000000 0.000000 1.000000
-0.400451 0.900022 -0.172047 0.860324 -0.914822 -0.381960 0.131179 0.000000 0.052349 0.209923 0.976316 0.000000 0.000000 0.000000 0.000000 1.000000
-0.458755 0.877604 -0.139120 0.860324 -0.886492 -0.441358 0.139051 0.000000 0.060630 0.187120 0.980464 0.000000 0.000000 0.000000 0.000000 1.000000
-0.480214 0.871363 -0.100598 0.860324 -0.875414 -0.468887 0.117450 0.000000 0.055172 0.144467 0.987970 0.000000 0.000000 0.000000 0.000000 1.000000
-0.441732 0.895798 -0.049181 0.860325 -0.894895 -0.436077 0.094870 -0.000000 0.063537 0.085919 0.994274 -0.000000 0.000000 0.000000 0.000000 1.000000
-0.465394 0.885010 0.012896 0.860324 -0.878249 -0.463550 0.117469 0.000000 0.109939 0.043343 0.992993 0.000000 0.000000 0.000000 0.000000 1.000000
-0.648415 0.759885 0.046182 0.860324 -0.746819 -0.646691 0.155086 0.000000 0.147713 0.066071 0.986821 0.000000 0.000000 0.000000 0.000000 1.000000
-0.789670 0.613193 0.020402 0.860324 -0.599315 -0.778062 0.188259 0.000000 0.131313 0.136435 0.981908 0.000000 0.000000 0.000000 0.000000 1.000000
-0.681017 0.724262 -0.107985 0.860324 -0.728975 -0.656574 0.193664 0.000000 0.069364 0.210607 0.975107 -0.000000 0.000000 0.000000 0.000000 1.000000
-0.295920 0.938662 -0.177045 0.860324 -0.954501 -0.297729 0.016882 0.000000 -0.036865 0.173985 0.984058 -0.000000 0.000000 0.000000 0.000000 1.000000
-0.014656 0.997510 -0.068990 0.860324 -0.996805 -0.019994 -0.077332 0.000000 -0.078518 0.067636 0.994616 0.000000 0.000000 0.000000 0.000000 1.000000
-0.142338 0.981034 -0.131579 0.860324 -0.988931 -0.146574 -0.023039 0.000000 -0.041888 0.126843 0.991038 0.000000 0.000000 0.000000 0.000000 1.000000</float_array><technique_common><accessor source="#jnt_right_leg-Matrix-animation-output-transform-array" count="13" stride="16"><param type="float4x4"/></accessor></technique_common></source><source id="jnt_right_leg-Interpolations"><Name_array id="jnt_right_leg-Interpolations-array" count="13">
 LINEAR LINEAR LINEAR LINEAR LINEAR LINEAR LINEAR LINEAR LINEAR LINEAR LINEAR
LINEAR LINEAR</Name_array><technique_common><accessor source="#jnt_right_leg-Interpolations-array" count="13"><param type="name"/></accessor></technique_common></source><sampler id="jnt_right_leg-Matrix-animation-transform"><input semantic="INPUT" source="#jnt_right_leg-Matrix-animation-input"/><input semantic="OUTPUT" source="#jnt_right_leg-Matrix-animation-output-transform"/><input semantic="INTERPOLATION" source="#jnt_right_leg-Interpolations"/></sampler><channel source="#jnt_right_leg-Matrix-animation-transform" target="jnt_right_leg/matrix"/></animation></animation>
    <animation id="jnt_right_legroll-anim" name="jnt_right_legroll"><animation><source id="jnt_right_legroll-Matrix-animation-input"><float_array id="jnt_right_legroll-Matrix-animation-input-array" count="13">

0.000000 0.033333 0.066667 0.100000 0.133333 0.166667 0.200000 0.233333 0.266667 0.300000 0.333333 0.366667 0.400000</float_array><technique_common><accessor source="#jnt_right_legroll-Matrix-animation-input-array" count="13"><param name="TIME" type="float"/></accessor></technique_common></source><source id="jnt_right_legroll-Matrix-animation-output-transform"><float_array id="jnt_right_legroll-Matrix-animation-output-transform-array" count="208">

1.000000 0.000000 -0.000000 0.384000 -0.000000 0.999716 -0.023835 -0.000000 -0.000000 0.023835 0.999716 0.000000 0.000000 0.000000 0.000000 1.000000
1.000000 -0.000000 0.000000 0.384000 -0.000000 0.999349 -0.036081 0.000000 0.000000 0.036081 0.999349 0.000000 0.000000 0.000000 0.000000 1.000000
1.000000 -0.000000 -0.000000 0.384000 0.000000 0.999772 -0.021374 0.000000 -0.000000 0.021374 0.999772 0.000000 0.000000 0.000000 0.000000 1.000000
1.000000 -0.000000 0.000000 0.384000 0.000000 1.000000 -0.000000 0.000000 -0.000000 -0.000000 1.000000 -0.000000 0.000000 0.000000 0.000000 1.000000
1.000000 0.000000 -0.000000 0.384000 -0.000000 0.999756 0.022104 0.000000 0.000000 -0.022104 0.999756 0.000000 0.000000 0.000000 0.000000 1.000000
1.000000 -0.000000 -0.000000 0.384000 0.000000 0.998859 0.047759 0.000000 -0.000000 -0.047759 0.998859 0.000000 0.000000 0.000000 0.000000 1.000000
1.000000 0.000000 -0.000000 0.384000 0.000000 0.998038 0.062610 0.000000 0.000000 -0.062610 0.998038 0.000000 0.000000 0.000000 0.000000 1.000000
1.000000 0.000000 -0.000000 0.384000 -0.000000 0.997527 0.070280 -0.000000 -0.000000 -0.070280 0.997527 0.000000 0.000000 0.000000 0.000000 1.000000
1.000000 0.000000 -0.000000 0.384000 0.000000 0.998072 0.062074 0.000000 0.000000 -0.062074 0.998072 0.000000 0.000000 0.000000 0.000000 1.000000
1.000000 0.000000 -0.000000 0.384000 -0.000000 0.999780 0.020979 -0.000000 0.000000 -0.020979 0.999780 -0.000000 0.000000 0.000000 0.000000 1.000000
1.000000 -0.000000 -0.000000 0.384000 0.000000 1.000000 -0.000000 -0.000000 -0.000000 0.000000 1.000000 0.000000 0.000000 0.000000 0.000000 1.000000
1.000000 -0.000000 0.000000 0.384000 -0.000000 1.000000 0.000000 0.000000 -0.000000 0.000000 1.000000 0.000000 0.000000 0.000000 0.000000 1.000000
1.000000 0.000000 -0.000000 0.384000 0.000000 0.999716 -0.023816 0.000000 0.000000 0.023816 0.999716 0.000000 0.000000 0.000000 0.000000 1.000000</float_array><technique_common><accessor source="#jnt_right_legroll-Matrix-animation-output-transform-array" count="13" stride="16"><param type="float4x4"/></accessor></technique_common></source><source id="jnt_right_legroll-Interpolations"><Name_array id="jnt_right_legroll-Interpolations-array" count="13">
 LINEAR LINEAR LINEAR LINEAR LINEAR LINEAR LINEAR LINEAR LINEAR LINEAR LINEAR
LINEAR LINEAR</Name_array><technique_common><accessor source="#jnt_right_legroll-Interpolations-array" count="13"><param type="name"/></accessor></technique_common></source><sampler id="jnt_right_legroll-Matrix-animation-transform"><input semantic="INPUT" source="#jnt_right_legroll-Matrix-animation-input"/><input semantic="OUTPUT" source="#jnt_right_legroll-Matrix-animation-output-transform"/><input semantic="INTERPOLATION" source="#jnt_right_legroll-Interpolations"/></sampler><channel source="#jnt_right_legroll-Matrix-animation-transform" target="jnt_right_legroll/matrix"/></animation></animation>
    <animation id="jnt_right_foot-anim" name="jnt_right_foot"><animation><source id="jnt_right_foot-Matrix-animation-input"><float_array id="jnt_right_foot-Matrix-animation-input-array" count="13">

0.000000 0.033333 0.066667 0.100000 0.133333 0.166667 0.200000 0.233333 0.266667 0.300000 0.333333 0.366667 0.400000</float_array><technique_common><accessor source="#jnt_right_foot-Matrix-animation-input-array" count="13"><param name="TIME" type="float"/></accessor></technique_common></source><source id="jnt_right_foot-Matrix-animation-output-transform"><float_array id="jnt_right_foot-Matrix-animation-output-transform-array" count="208">

0.177860 -0.873023 -0.454090 0.768144 0.861327 0.361273 -0.357208 0.000000 0.475901 -0.327587 0.816214 0.000000 0.000000 0.000000 0.000000 1.000000
0.043459 -0.906240 -0.420524 0.768145 0.858266 0.249313 -0.448578 0.000000 0.511361 -0.341427 0.788630 0.000000 0.000000 0.000000 0.000000 1.000000
-0.116794 -0.977675 -0.174672 0.768145 0.894011 -0.026896 -0.447238 0.000000 0.432555 -0.208394 0.877193 -0.000000 0.000000 0.000000 0.000000 1.000000
-0.295141 -0.954492 0.042858 0.768145 0.897447 -0.292335 -0.330348 0.000000 0.327843 -0.059037 0.942886 -0.000000 0.000000 0.000000 0.000000 1.000000
-0.494820 -0.844945 0.203030 0.768145 0.841696 -0.524112 -0.129823 0.000000 0.216104 0.106650 0.970528 -0.000000 0.000000 0.000000 0.000000 1.000000
-0.641000 -0.701080 0.312419 0.768144 0.748210 -0.661527 0.050634 0.000000 0.171176 0.266211 0.948594 0.000000 0.000000 0.000000 0.000000 1.000000
-0.532282 -0.727286 0.433280 0.768144 0.834943 -0.535529 0.126805 -0.000000 0.139811 0.429259 0.892294 0.000000 0.000000 0.000000 0.000000 1.000000
-0.060676 -0.797412 0.600377 0.768144 0.997744 -0.065771 0.013478 0.000000 0.028740 0.599841 0.799603 0.000000 0.000000 0.000000 0.000000 1.000000
0.125073 -0.825761 0.549977 0.768145 0.990328 0.070351 -0.119587 0.000000 0.060058 0.559615 0.826574 -0.000000 0.000000 0.000000 0.000000 1.000000
0.181849 -0.944219 0.274558 0.768145 0.956670 0.105312 -0.271463 0.000000 0.227406 0.312026 0.922457 -0.000000 0.000000 0.000000 0.000000 1.000000
0.113378 -0.993500 -0.010114 0.768144 0.955810 0.111845 -0.271880 -0.000000 0.271244 0.021158 0.962278 0.000000 0.000000 0.000000 0.000000 1.000000
0.147333 -0.954287 -0.260058 0.768144 0.951853 0.208260 -0.224952 0.000000 0.268828 -0.214394 0.939024 0.000000 0.000000 0.000000 0.000000 1.000000
0.177931 -0.873240 -0.453644 0.768144 0.861454 0.361054 -0.357124 0.000000 0.475645 -0.327250 0.816498 -0.000000 0.000000 0.000000 0.000000 1.000000</float_array><technique_common><accessor source="#jnt_right_foot-Matrix-animation-output-transform-array" count="13" stride="16"><param type="float4x4"/></accessor></technique_common></source><source id="jnt_right_foot-Interpolations"><Name_array id="jnt_right_foot-Interpolations-array" count="13">
 LINEAR LINEAR LINEAR LINEAR LINEAR LINEAR LINEAR LINEAR LINEAR LINEAR LINEAR
LINEAR LINEAR</Name_array><technique_common><accessor source="#jnt_right_foot-Interpolations-array" count="13"><param type="name"/></accessor></technique_common></source><sampler id="jnt_right_foot-Matrix-animation-transform"><input semantic="INPUT" source="#jnt_right_foot-Matrix-animation-input"/><input semantic="OUTPUT" source="#jnt_right_foot-Matrix-animation-output-transform"/><input semantic="INTERPOLATION" source="#jnt_right_foot-Interpolations"/></sampler><channel source="#jnt_right_foot-Matrix-animation-transform" target="jnt_right_foot/matrix"/></animation></animation>
    <animation id="jnt_right_toebase-anim" name="jnt_right_toebase"><animation><source id="jnt_right_toebase-Matrix-animation-input"><float_array id="jnt_right_toebase-Matrix-animation-input-array" count="13">

0.000000 0.033333 0.066667 0.100000 0.133333 0.166667 0.200000 0.233333 0.266667 0.300000 0.333333 0.366667 0.400000</float_array><technique_common><accessor source="#jnt_right_toebase-Matrix-animation-input-array" count="13"><param name="TIME" type="float"/></accessor></technique_common></source><source id="jnt_right_toebase-Matrix-animation-output-transform"><float_array id="jnt_right_toebase-Matrix-animation-output-transform-array" count="208">

0.589353 -0.807734 0.015096 0.441847 0.807869 0.589321 -0.006954 -0.000000 -0.003279 0.016293 0.999862 -0.000000 0.000000 0.000000 0.000000 1.000000
0.610143 -0.792198 0.012148 0.441847 0.792287 0.610119 -0.006056 -0.000000 -0.002614 0.013319 0.999908 0.000000 0.000000 0.000000 0.000000 1.000000
0.618426 -0.785766 0.011017 0.441847 0.785839 0.618405 -0.005581 -0.000000 -0.002428 0.012109 0.999924 0.000000 0.000000 0.000000 0.000000 1.000000
0.620962 -0.783769 0.010596 0.441847 0.783837 0.620941 -0.005547 0.000000 -0.002232 0.011750 0.999928 -0.000000 0.000000 0.000000 0.000000 1.000000
0.621321 -0.783485 0.010543 0.441847 0.783553 0.621300 -0.005530 -0.000000 -0.002218 0.011697 0.999929 0.000000 0.000000 0.000000 0.000000 1.000000
0.610338 -0.792047 0.012199 0.441847 0.792136 0.610314 -0.006096 -0.000000 -0.002616 0.013384 0.999907 0.000000 0.000000 0.000000 0.000000 1.000000
0.500106 -0.865505 0.028189 0.441847 0.865949 0.500027 -0.010270 -0.000000 -0.005206 0.029547 0.999550 0.000000 0.000000 0.000000 0.000000 1.000000
0.378817 -0.882433 0.278943 0.441847 0.924774 0.349226 -0.151111 -0.000000 0.035932 0.315202 0.948344 0.000000 0.000000 0.000000 0.000000 1.000000
0.542189 -0.830580 0.127154 0.441847 0.840256 0.535761 -0.083246 -0.000000 0.001018 0.151977 0.988384 0.000000 0.000000 0.000000 0.000000 1.000000
0.602262 -0.798187 0.013360 0.441847 0.798293 0.602234 -0.006466 -0.000000 -0.002885 0.014560 0.999890 0.000000 0.000000 0.000000 0.000000 1.000000
0.598110 -0.801292 0.014030 0.441847 0.801409 0.598080 -0.006693 0.000000 -0.003028 0.015247 0.999879 0.000000 0.000000 0.000000 0.000000 1.000000
0.575245 -0.817799 0.017271 0.441847 0.817973 0.575207 -0.007605 0.000000 -0.003715 0.018502 0.999822 -0.000000 0.000000 0.000000 0.000000 1.000000
0.589371 -0.807718 0.015265 0.441847 0.807856 0.589338 -0.007057 0.000000 -0.003297 0.016491 0.999859 -0.000000 0.000000 0.000000 0.000000 1.000000</float_array><technique_common><accessor source="#jnt_right_toebase-Matrix-animation-output-transform-array" count="13" stride="16"><param type="float4x4"/></accessor></technique_common></source><source id="jnt_right_toebase-Interpolations"><Name_array id="jnt_right_toebase-Interpolations-array" count="13">
 LINEAR LINEAR LINEAR LINEAR LINEAR LINEAR LINEAR LINEAR LINEAR LINEAR LINEAR
LINEAR LINEAR</Name_array><technique_common><accessor source="#jnt_right_toebase-Interpolations-array" count="13"><param type="name"/></accessor></technique_common></source><sampler id="jnt_right_toebase-Matrix-animation-transform"><input semantic="INPUT" source="#jnt_right_toebase-Matrix-animation-input"/><input semantic="OUTPUT" source="#jnt_right_toebase-Matrix-animation-output-transform"/><input semantic="INTERPOLATION" source="#jnt_right_toebase-Interpolations"/></sampler><channel source="#jnt_right_toebase-Matrix-animation-transform" target="jnt_right_toebase/matrix"/></animation></animation>
    <animation id="jnt_right_toeend-anim" name="jnt_right_toeend"><animation><source id="jnt_right_toeend-Matrix-animation-input"><float_array id="jnt_right_toeend-Matrix-animation-input-array" count="13">

0.000000 0.033333 0.066667 0.100000 0.133333 0.166667 0.200000 0.233333 0.266667 0.300000 0.333333 0.366667 0.400000</float_array><technique_common><accessor source="#jnt_right_toeend-Matrix-animation-input-array" count="13"><param name="TIME" type="float"/></accessor></technique_common></source><source id="jnt_right_toeend-Matrix-animation-output-transform"><float_array id="jnt_right_toeend-Matrix-animation-output-transform-array" count="208">

1.000000 -0.000000 0.000000 0.379397 0.000000 1.000000 -0.000000 0.000000 0.000000 -0.000000 1.000000 -0.000000 0.000000 0.000000 0.000000 1.000000
1.000000 0.000000 0.000000 0.379397 -0.000000 1.000000 -0.000000 0.000000 0.000000 0.000000 1.000000 -0.000000 0.000000 0.000000 0.000000 1.000000
1.000000 0.000000 -0.000000 0.379397 0.000000 1.000000 -0.000000 0.000000 0.000000 0.000000 1.000000 -0.000000 0.000000 0.000000 0.000000 1.000000
1.000000 -0.000000 0.000000 0.379397 0.000000 1.000000 0.000000 0.000000 0.000000 0.000000 1.000000 -0.000000 0.000000 0.000000 0.000000 1.000000
1.000000 -0.000000 0.000000 0.379397 0.000000 1.000000 -0.000000 0.000000 -0.000000 0.000000 1.000000 -0.000000 0.000000 0.000000 0.000000 1.000000
1.000000 -0.000000 0.000000 0.379397 -0.000000 1.000000 -0.000000 0.000000 0.000000 0.000000 1.000000 -0.000000 0.000000 0.000000 0.000000 1.000000
1.000000 0.000000 -0.000000 0.379397 0.000000 1.000000 0.000000 0.000000 0.000000 0.000000 1.000000 -0.000000 0.000000 0.000000 0.000000 1.000000
1.000000 0.000000 0.000000 0.379397 0.000000 1.000000 0.000000 0.000000 0.000000 0.000000 1.000000 -0.000000 0.000000 0.000000 0.000000 1.000000
1.000000 0.000000 0.000000 0.379397 0.000000 1.000000 0.000000 0.000000 0.000000 0.000000 1.000000 0.000000 0.000000 0.000000 0.000000 1.000000
1.000000 0.000000 0.000000 0.379397 -0.000000 1.000000 0.000000 0.000000 0.000000 -0.000000 1.000000 -0.000000 0.000000 0.000000 0.000000 1.000000
1.000000 0.000000 -0.000000 0.379397 -0.000000 1.000000 0.000000 0.000000 -0.000000 0.000000 1.000000 -0.000000 0.000000 0.000000 0.000000 1.000000
1.000000 0.000000 0.000000 0.379397 -0.000000 1.000000 0.000000 0.000000 0.000000 -0.000000 1.000000 0.000000 0.000000 0.000000 0.000000 1.000000
1.000000 0.000000 -0.000000 0.379397 -0.000000 1.000000 0.000000 0.000000 0.000000 -0.000000 1.000000 0.000000 0.000000 0.000000 0.000000 1.000000</float_array><technique_common><accessor source="#jnt_right_toeend-Matrix-animation-output-transform-array" count="13" stride="16"><param type="float4x4"/></accessor></technique_common></source><source id="jnt_right_toeend-Interpolations"><Name_array id="jnt_right_toeend-Interpolations-array" count="13">
 LINEAR LINEAR LINEAR LINEAR LINEAR LINEAR LINEAR LINEAR LINEAR LINEAR LINEAR
LINEAR LINEAR</Name_array><technique_common><accessor source="#jnt_right_toeend-Interpolations-array" count="13"><param type="name"/></accessor></technique_common></source><sampler id="jnt_right_toeend-Matrix-animation-transform"><input semantic="INPUT" source="#jnt_right_toeend-Matrix-animation-input"/><input semantic="OUTPUT" source="#jnt_right_toeend-Matrix-animation-output-transform"/><input semantic="INTERPOLATION" source="#jnt_right_toeend-Interpolations"/></sampler><channel source="#jnt_right_toeend-Matrix-animation-transform" target="jnt_right_toeend/matrix"/></animation></animation>
    <animation id="jnt_left_upleg-anim" name="jnt_left_upleg"><animation><source id="jnt_left_upleg-Matrix-animation-input"><float_array id="jnt_left_upleg-Matrix-animation-input-array" count="13">

0.000000 0.033333 0.066667 0.100000 0.133333 0.166667 0.200000 0.233333 0.266667 0.300000 0.333333 0.366667 0.400000</float_array><technique_common><accessor source="#jnt_left_upleg-Matrix-animation-input-array" count="13"><param name="TIME" type="float"/></accessor></technique_common></source><source id="jnt_left_upleg-Matrix-animation-output-transform"><float_array id="jnt_left_upleg-Matrix-animation-output-transform-array" count="208">

0.183761 0.338640 -0.922797 0.446780 -0.871245 0.490804 0.006616 -0.111213 0.455153 0.802767 0.385230 0.043020 0.000000 0.000000 0.000000 1.000000
0.290186 -0.021070 -0.956738 0.446779 -0.613186 0.763463 -0.202797 -0.111213 0.734707 0.645508 0.208626 0.043020 0.000000 0.000000 0.000000 1.000000
0.309248 -0.046939 -0.949822 0.446779 0.039486 0.998554 -0.036491 -0.111213 0.950161 -0.026220 0.310654 0.043020 0.000000 0.000000 0.000000 1.000000
0.424237 0.007239 -0.905522 0.446779 0.210352 0.971827 0.106320 -0.111213 0.880781 -0.235583 0.410763 0.043020 0.000000 0.000000 0.000000 1.000000
0.448704 -0.079584 -0.890130 0.446779 0.140562 0.989915 -0.017650 -0.111213 0.882557 -0.117199 0.455365 0.043020 0.000000 0.000000 0.000000 1.000000
0.459644 -0.093084 -0.883212 0.446779 0.122995 0.991581 -0.040496 -0.111213 0.879545 -0.090017 0.467223 0.043020 0.000000 0.000000 0.000000 1.000000
0.423883 -0.005521 -0.905700 0.446779 0.183050 0.979868 0.079697 -0.111213 0.887026 -0.199571 0.416360 0.043020 0.000000 0.000000 0.000000 1.000000
0.374652 0.125822 -0.918589 0.446779 0.131609 0.973500 0.187021 -0.111213 0.917777 -0.190962 0.348164 0.043020 0.000000 0.000000 0.000000 1.000000
0.322173 0.225491 -0.919434 0.446779 -0.094600 0.974025 0.205732 -0.111213 0.941942 0.020697 0.335136 0.043020 0.000000 0.000000 0.000000 1.000000
0.254392 0.268487 -0.929085 0.446780 -0.394079 0.906093 0.153940 -0.111213 0.883168 0.326972 0.336308 0.043020 0.000000 0.000000 0.000000 1.000000
0.169933 0.285631 -0.943153 0.446779 -0.629826 0.767570 0.118977 -0.111213 0.757919 0.573804 0.310333 0.043020 0.000000 0.000000 0.000000 1.000000
0.095969 0.324041 -0.941163 0.446779 -0.836162 0.539218 0.100390 -0.111213 0.540022 0.777330 0.322699 0.043020 0.000000 0.000000 0.000000 1.000000
0.183605 0.338743 -0.922791 0.446779 -0.871430 0.490475 0.006661 -0.111213 0.454862 0.802924 0.385244 0.043020 0.000000 0.000000 0.000000 1.000000</float_array><technique_common><accessor source="#jnt_left_upleg-Matrix-animation-output-transform-array" count="13" stride="16"><param type="float4x4"/></accessor></technique_common></source><source id="jnt_left_upleg-Interpolations"><Name_array id="jnt_left_upleg-Interpolations-array" count="13">
 LINEAR LINEAR LINEAR LINEAR LINEAR LINEAR LINEAR LINEAR LINEAR LINEAR LINEAR
LINEAR LINEAR</Name_array><technique_common><accessor source="#jnt_left_upleg-Interpolations-array" count="13"><param type="name"/></accessor></technique_common></source><sampler id="jnt_left_upleg-Matrix-animation-transform"><input semantic="INPUT" source="#jnt_left_upleg-Matrix-animation-input"/><input semantic="OUTPUT" source="#jnt_left_upleg-Matrix-animation-output-transform"/><input semantic="INTERPOLATION" source="#jnt_left_upleg-Interpolations"/></sampler><channel source="#jnt_left_upleg-Matrix-animation-transform" target="jnt_left_upleg/matrix"/></animation></animation>
    <animation id="jnt_left_uplegroll-anim" name="jnt_left_uplegroll"><animation><source id="jnt_left_uplegroll-Matrix-animation-input"><float_array id="jnt_left_uplegroll-Matrix-animation-input-array" count="13">

0.000000 0.033333 0.066667 0.100000 0.133333 0.166667 0.200000 0.233333 0.266667 0.300000 0.333333 0.366667 0.400000</float_array><technique_common><accessor source="#jnt_left_uplegroll-Matrix-animation-input-array" count="13"><param name="TIME" type="float"/></accessor></technique_common></source><source id="jnt_left_uplegroll-Matrix-animation-output-transform"><float_array id="jnt_left_uplegroll-Matrix-animation-output-transform-array" count="208">

1.000000 0.000000 0.000000 0.430000 0.000000 1.000000 0.000000 -0.000000 -0.000000 -0.000000 1.000000 0.000000 0.000000 0.000000 0.000000 1.000000
1.000000 -0.000000 0.000000 0.430000 0.000000 1.000000 0.000000 0.000000 -0.000000 -0.000000 1.000000 -0.000000 0.000000 0.000000 0.000000 1.000000
1.000000 0.000000 -0.000000 0.430000 0.000000 1.000000 0.000000 0.000000 0.000000 -0.000000 1.000000 -0.000000 0.000000 0.000000 0.000000 1.000000
1.000000 0.000000 -0.000000 0.430000 0.000000 1.000000 0.000000 0.000000 -0.000000 -0.000000 1.000000 0.000000 0.000000 0.000000 0.000000 1.000000
1.000000 -0.000000 0.000000 0.430000 -0.000000 1.000000 -0.000000 0.000000 -0.000000 -0.000000 1.000000 0.000000 0.000000 0.000000 0.000000 1.000000
1.000000 -0.000000 0.000000 0.430000 0.000000 1.000000 0.000000 0.000000 -0.000000 -0.000000 1.000000 0.000000 0.000000 0.000000 0.000000 1.000000
1.000000 -0.000000 0.000000 0.430000 0.000000 1.000000 0.000000 -0.000000 -0.000000 -0.000000 1.000000 -0.000000 0.000000 0.000000 0.000000 1.000000
1.000000 0.000000 0.000000 0.430000 0.000000 1.000000 -0.000000 0.000000 0.000000 -0.000000 1.000000 0.000000 0.000000 0.000000 0.000000 1.000000
1.000000 -0.000000 0.000000 0.430000 0.000000 1.000000 -0.000000 -0.000000 0.000000 -0.000000 1.000000 0.000000 0.000000 0.000000 0.000000 1.000000
1.000000 -0.000000 -0.000000 0.430000 -0.000000 1.000000 0.000000 -0.000000 0.000000 0.000000 1.000000 0.000000 0.000000 0.000000 0.000000 1.000000
1.000000 0.000000 0.000000 0.430000 0.000000 1.000000 0.000000 0.000000 -0.000000 -0.000000 1.000000 0.000000 0.000000 0.000000 0.000000 1.000000
1.000000 -0.000000 -0.000000 0.430000 0.000000 1.000000 -0.000000 -0.000000 -0.000000 0.000000 1.000000 0.000000 0.000000 0.000000 0.000000 1.000000
1.000000 0.000000 0.000000 0.430000 0.000000 1.000000 -0.000000 0.000000 -0.000000 -0.000000 1.000000 0.000000 0.000000 0.000000 0.000000 1.000000</float_array><technique_common><accessor source="#jnt_left_uplegroll-Matrix-animation-output-transform-array" count="13" stride="16"><param type="float4x4"/></accessor></technique_common></source><source id="jnt_left_uplegroll-Interpolations"><Name_array id="jnt_left_uplegroll-Interpolations-array" count="13">
 LINEAR LINEAR LINEAR LINEAR LINEAR LINEAR LINEAR LINEAR LINEAR LINEAR LINEAR
LINEAR LINEAR</Name_array><technique_common><accessor source="#jnt_left_uplegroll-Interpolations-array" count="13"><param type="name"/></accessor></technique_common></source><sampler id="jnt_left_uplegroll-Matrix-animation-transform"><input semantic="INPUT" source="#jnt_left_uplegroll-Matrix-animation-input"/><input semantic="OUTPUT" source="#jnt_left_uplegroll-Matrix-animation-output-transform"/><input semantic="INTERPOLATION" source="#jnt_left_uplegroll-Interpolations"/></sampler><channel source="#jnt_left_uplegroll-Matrix-animation-transform" target="jnt_left_uplegroll/matrix"/></animation></animation>
    <animation id="jnt_left_leg-anim" name="jnt_left_leg"><animation><source id="jnt_left_leg-Matrix-animation-input"><float_array id="jnt_left_leg-Matrix-animation-input-array" count="13">

0.000000 0.033333 0.066667 0.100000 0.133333 0.166667 0.200000 0.233333 0.266667 0.300000 0.333333 0.366667 0.400000</float_array><technique_common><accessor source="#jnt_left_leg-Matrix-animation-input-array" count="13"><param name="TIME" type="float"/></accessor></technique_common></source><source id="jnt_left_leg-Matrix-animation-output-transform"><float_array id="jnt_left_leg-Matrix-animation-output-transform-array" count="208">

-0.673713 0.738169 -0.034877 0.860328 -0.738768 -0.671595 0.056401 0.000000 0.018210 0.063764 0.997799 0.000001 0.000000 0.000000 0.000000 1.000000
-0.862019 0.454035 -0.225335 0.860328 -0.500942 -0.830941 0.242063 0.000000 -0.077335 0.321542 0.943732 0.000001 0.000000 0.000000 0.000000 1.000000
-0.819023 0.456165 -0.348016 0.860328 -0.521534 -0.844729 0.120146 0.000000 -0.239172 0.279905 0.929758 0.000001 0.000000 0.000000 0.000000 1.000000
-0.467474 0.772602 -0.429597 0.860328 -0.852251 -0.522968 -0.013132 0.000000 -0.234811 0.359986 0.902925 0.000001 0.000000 0.000000 0.000000 1.000000
0.062175 0.929663 -0.363127 0.860328 -0.998038 0.060616 -0.015700 0.000000 0.007415 0.363391 0.931607 0.000001 0.000000 0.000000 0.000000 1.000000
0.181084 0.914437 -0.361958 0.860328 -0.973826 0.218131 0.063882 0.000000 0.137370 0.340916 0.930003 0.000001 0.000000 0.000000 0.000000 1.000000
-0.057566 0.946384 -0.317872 0.860328 -0.996296 -0.034084 0.078950 0.000000 0.063882 0.321240 0.944841 0.000001 0.000000 0.000000 0.000000 1.000000
-0.308119 0.912812 -0.268025 0.860328 -0.951344 -0.294849 0.089487 0.000000 0.002658 0.282557 0.959247 0.000001 0.000000 0.000000 0.000000 1.000000
-0.439035 0.870685 -0.221713 0.860329 -0.898085 -0.418056 0.136645 -0.000000 0.026286 0.259109 0.965490 0.000001 0.000000 0.000000 0.000000 1.000000
-0.483354 0.855705 -0.184766 0.860329 -0.872629 -0.454103 0.179747 0.000000 0.069907 0.248113 0.966205 0.000001 0.000000 0.000000 0.000000 1.000000
-0.496297 0.855215 -0.149319 0.860329 -0.864798 -0.471908 0.171543 0.000000 0.076241 0.214267 0.973795 0.000001 0.000000 0.000000 0.000000 1.000000
-0.509334 0.854470 -0.102270 0.860329 -0.858358 -0.495912 0.131504 0.000000 0.061650 0.154763 0.986026 0.000001 0.000000 0.000000 0.000000 1.000000
-0.673761 0.738129 -0.034808 0.860328 -0.738725 -0.671647 0.056344 0.000000 0.018210 0.063675 0.997805 0.000001 0.000000 0.000000 0.000000 1.000000</float_array><technique_common><accessor source="#jnt_left_leg-Matrix-animation-output-transform-array" count="13" stride="16"><param type="float4x4"/></accessor></technique_common></source><source id="jnt_left_leg-Interpolations"><Name_array id="jnt_left_leg-Interpolations-array" count="13">
 LINEAR LINEAR LINEAR LINEAR LINEAR LINEAR LINEAR LINEAR LINEAR LINEAR LINEAR
LINEAR LINEAR</Name_array><technique_common><accessor source="#jnt_left_leg-Interpolations-array" count="13"><param type="name"/></accessor></technique_common></source><sampler id="jnt_left_leg-Matrix-animation-transform"><input semantic="INPUT" source="#jnt_left_leg-Matrix-animation-input"/><input semantic="OUTPUT" source="#jnt_left_leg-Matrix-animation-output-transform"/><input semantic="INTERPOLATION" source="#jnt_left_leg-Interpolations"/></sampler><channel source="#jnt_left_leg-Matrix-animation-transform" target="jnt_left_leg/matrix"/></animation></animation>
    <animation id="jnt_left_legroll-anim" name="jnt_left_legroll"><animation><source id="jnt_left_legroll-Matrix-animation-input"><float_array id="jnt_left_legroll-Matrix-animation-input-array" count="13">

