<?xml version="1.0" encoding="utf-8"?>
<COLLADA xmlns="http://www.collada.org/2005/11/COLLADASchema" version="1.4.1">
  <asset><contributor><author></author><authoring_tool>FBX COLLADA exporter</authoring_tool><comments></comments></contributor><created>2018-04-04T19:19:49Z</created><keywords></keywords><modified>2018-04-04T19:19:49Z</modified><revision></revision><subject></subject><title></title><unit meter="0.010000" name="centimeter"></unit><up_axis>Y_UP</up_axis></asset>
  <library_animations>
    <animation id="jnt_hips-anim" name="jnt_hips"><animation><source id="jnt_hips-Matrix-animation-input"><float_array id="jnt_hips-Matrix-animation-input-array" count="13">

0.000000 0.033333 0.066667 0.100000 0.133333 0.166667 0.200000 0.233333 0.266667 0.300000 0.333333 0.366667 0.400000</float_array><technique_common><accessor source="#jnt_hips-Matrix-animation-input-array" count="13"><param name="TIME" type="float"/></accessor></technique_common></source><source id="jnt_hips-Matrix-animation-output-transform"><float_array id="jnt_hips-Matrix-animation-output-transform-array" count="208">

0.843587 0.154482 -0.514293 0.052634 -0.167018 0.985706 0.022128 1.209160 0.510359 0.067229 0.857329 -0.239401 0.000000 0.000000 0.000000 1.000000
0.843587 0.154483 -0.514292 0.092360 -0.167437 0.985650 0.021424 1.238696 0.510222 0.068038 0.857347 -0.238617 0.000000 0.000000 0.000000 1.000000
0.843587 0.154482 -0.514292 0.122997 -0.167880 0.985591 0.020679 1.270352 0.510076 0.068895 0.857366 -0.237100 0.000000 0.000000 0.000000 1.000000
0.843586 0.154482 -0.514293 0.141673 -0.168272 0.985537 0.020020 1.275935 0.509948 0.069652 0.857381 -0.235479 0.000000 0.000000 0.000000 1.000000
0.843587 0.154482 -0.514292 0.140654 -0.168506 0.985505 0.019627 1.249065 0.509870 0.070105 0.857390 -0.234855 0.000000 0.000000 0.000000 1.000000
0.843587 0.154482 -0.514292 0.107351 -0.168471 0.985510 0.019685 1.215029 0.509881 0.070037 0.857389 -0.236473 0.000000 0.000000 0.000000 1.000000
0.843587 0.154483 -0.514293 0.061207 -0.168175 0.985551 0.020184 1.209844 0.509979 0.069464 0.857377 -0.239127 0.000000 0.000000 0.000000 1.000000
0.843587 0.154482 -0.514292 0.028291 -0.167672 0.985619 0.021029 1.236343 0.510145 0.068492 0.857357 -0.241476 0.000000 0.000000 0.000000 1.000000
0.843586 0.154483 -0.514293 0.009448 -0.167054 0.985701 0.022067 1.265720 0.510348 0.067300 0.857331 -0.243809 0.000000 0.000000 0.000000 1.000000
0.843587 0.154482 -0.514292 -0.000838 -0.166524 0.985770 0.022957 1.271060 0.510521 0.066275 0.857308 -0.245932 0.000000 0.000000 0.000000 1.000000
0.843587 0.154483 -0.514292 0.002661 -0.166316 0.985797 0.023307 1.244773 0.510588 0.065874 0.857298 -0.246463 0.000000 0.000000 0.000000 1.000000
0.843586 0.154483 -0.514293 0.023025 -0.166578 0.985763 0.022868 1.215484 0.510504 0.066379 0.857310 -0.243139 0.000000 0.000000 0.000000 1.000000
0.843587 0.154482 -0.514293 0.052634 -0.167018 0.985706 0.022128 1.209165 0.510359 0.067229 0.857329 -0.239406 0.000000 0.000000 0.000000 1.000000</float_array><technique_common><accessor source="#jnt_hips-Matrix-animation-output-transform-array" count="13" stride="16"><param type="float4x4"/></accessor></technique_common></source><source id="jnt_hips-Interpolations"><Name_array id="jnt_hips-Interpolations-array" count="13">
 LINEAR LINEAR LINEAR LINEAR LINEAR LINEAR LINEAR LINEAR LINEAR LINEAR LINEAR
LINEAR LINEAR</Name_array><technique_common><accessor source="#jnt_hips-Interpolations-array" count="13"><param type="name"/></accessor></technique_common></source><sampler id="jnt_hips-Matrix-animation-transform"><input semantic="INPUT" source="#jnt_hips-Matrix-animation-input"/><input semantic="OUTPUT" source="#jnt_hips-Matrix-animation-output-transform"/><input semantic="INTERPOLATION" source="#jnt_hips-Interpolations"/></sampler><channel source="#jnt_hips-Matrix-animation-transform" target="jnt_hips/matrix"/></animation></animation>
    <animation id="jnt_right_upleg-anim" name="jnt_right_upleg"><animation><source id="jnt_right_upleg-Matrix-animation-input"><float_array id="jnt_right_upleg-Matrix-animation-input-array" count="13">

0.000000 0.033333 0.066667 0.100000 0.133333 0.166667 0.200000 0.233333 0.266667 0.300000 0.333333 0.366667 0.400000</float_array><technique_common><accessor source="#jnt_right_upleg-Matrix-animation-input-array" count="13"><param name="TIME" type="float"/></accessor></technique_common></source><source id="jnt_right_upleg-Matrix-animation-output-transform"><float_array id="jnt_right_upleg-Matrix-animation-output-transform-array" count="208">

0.077870 -0.778495 -0.622802 -0.446780 -0.210127 0.597850 -0.773578 -0.111214 0.974568 0.191105 -0.117028 0.043020 0.000000 0.000000 0.000000 1.000000
0.012830 -0.833252 -0.552744 -0.446780 -0.312025 0.521850 -0.793922 -0.111214 0.949987 0.182656 -0.253300 0.043020 0.000000 0.000000 0.000000 1.000000
-0.102125 -0.721895 -0.684425 -0.446780 -0.280753 0.680969 -0.676357 -0.111214 0.954331 0.123081 -0.272218 0.043020 0.000000 0.000000 0.000000 1.000000
-0.092036 -0.405417 -0.909487 -0.446780 -0.286379 0.885551 -0.365767 -0.111214 0.953686 0.226794 -0.197606 0.043020 0.000000 0.000000 0.000000 1.000000
-0.059107 -0.100925 -0.993137 -0.446779 -0.562901 0.824990 -0.050337 -0.111214 0.824408 0.556062 -0.105573 0.043020 0.000000 0.000000 0.000000 1.000000
-0.151315 -0.036217 -0.987822 -0.446779 -0.830955 0.545900 0.107272 -0.111214 0.535367 0.837067 -0.112698 0.043020 0.000000 0.000000 0.000000 1.000000
-0.132412 -0.178966 -0.974904 -0.446779 -0.942190 0.328164 0.067726 -0.111214 0.307808 0.927512 -0.212073 0.043020 0.000000 0.000000 0.000000 1.000000
-0.032083 -0.295757 -0.954724 -0.446779 -0.921850 0.377868 -0.086079 -0.111214 0.386218 0.877350 -0.284767 0.043020 0.000000 0.000000 0.000000 1.000000
0.068419 -0.438587 -0.896081 -0.446779 -0.794996 0.518679 -0.314568 -0.111214 0.602744 0.733903 -0.313187 0.043020 0.000000 0.000000 0.000000 1.000000
0.144212 -0.585529 -0.797721 -0.446780 -0.604577 0.586059 -0.539464 -0.111214 0.783383 0.560081 -0.269480 0.043020 0.000000 0.000000 0.000000 1.000000
0.160468 -0.697319 -0.698567 -0.446780 -0.408353 0.597428 -0.690164 -0.111214 0.898609 0.396012 -0.188884 0.043020 0.000000 0.000000 0.000000 1.000000
0.125041 -0.761833 -0.635590 -0.446779 -0.268912 0.590615 -0.760828 -0.111214 0.955014 0.266053 -0.131015 0.043020 0.000000 0.000000 0.000000 1.000000
0.077866 -0.778525 -0.622765 -0.446780 -0.210134 0.597812 -0.773605 -0.111214 0.974567 0.191102 -0.117045 0.043020 0.000000 0.000000 0.000000 1.000000</float_array><technique_common><accessor source="#jnt_right_upleg-Matrix-animation-output-transform-array" count="13" stride="16"><param type="float4x4"/></accessor></technique_common></source><source id="jnt_right_upleg-Interpolations"><Name_array id="jnt_right_upleg-Interpolations-array" count="13">
 LINEAR LINEAR LINEAR LINEAR LINEAR LINEAR LINEAR LINEAR LINEAR LINEAR LINEAR
LINEAR LINEAR</Name_array><technique_common><accessor source="#jnt_right_upleg-Interpolations-array" count="13"><param type="name"/></accessor></technique_common></source><sampler id="jnt_right_upleg-Matrix-animation-transform"><input semantic="INPUT" source="#jnt_right_upleg-Matrix-animation-input"/><input semantic="OUTPUT" source="#jnt_right_upleg-Matrix-animation-output-transform"/><input semantic="INTERPOLATION" source="#jnt_right_upleg-Interpolations"/></sampler><channel source="#jnt_right_upleg-Matrix-animation-transform" target="jnt_right_upleg/matrix"/></animation></animation>
    <animation id="jnt_right_uplegroll-anim" name="jnt_right_uplegroll"><animation><source id="jnt_right_uplegroll-Matrix-animation-input"><float_array id="jnt_right_uplegroll-Matrix-animation-input-array" count="13">

0.000000 0.033333 0.066667 0.100000 0.133333 0.166667 0.200000 0.233333 0.266667 0.300000 0.333333 0.366667 0.400000</float_array><technique_common><accessor source="#jnt_right_uplegroll-Matrix-animation-input-array" count="13"><param name="TIME" type="float"/></accessor></technique_common></source><source id="jnt_right_uplegroll-Matrix-animation-output-transform"><float_array id="jnt_right_uplegroll-Matrix-animation-output-transform-array" count="208">

1.000000 0.000000 -0.000000 0.430000 0.000000 1.000000 -0.000000 0.000000 -0.000000 0.000000 1.000000 0.000000 0.000000 0.000000 0.000000 1.000000
1.000000 0.000000 0.000000 0.430000 0.000000 1.000000 0.000000 0.000000 -0.000000 -0.000000 1.000000 0.000000 0.000000 0.000000 0.000000 1.000000
1.000000 -0.000000 -0.000000 0.430000 0.000000 1.000000 0.000000 -0.000000 0.000000 -0.000000 1.000000 0.000000 0.000000 0.000000 0.000000 1.000000
1.000000 0.000000 0.000000 0.430000 0.000000 1.000000 0.000000 -0.000000 0.000000 0.000000 1.000000 0.000000 0.000000 0.000000 0.000000 1.000000
1.000000 0.000000 0.000000 0.430000 0.000000 1.000000 -0.000000 0.000000 -0.000000 0.000000 1.000000 0.000000 0.000000 0.000000 0.000000 1.000000
1.000000 -0.000000 -0.000000 0.430000 -0.000000 1.000000 0.000000 0.000000 -0.000000 -0.000000 1.000000 0.000000 0.000000 0.000000 0.000000 1.000000
1.000000 -0.000000 0.000000 0.430000 0.000000 1.000000 0.000000 0.000000 -0.000000 0.000000 1.000000 0.000000 0.000000 0.000000 0.000000 1.000000
1.000000 -0.000000 -0.000000 0.430000 -0.000000 1.000000 -0.000000 0.000000 0.000000 0.000000 1.000000 0.000000 0.000000 0.000000 0.000000 1.000000
1.000000 -0.000000 0.000000 0.430000 -0.000000 1.000000 -0.000000 -0.000000 0.000000 0.000000 1.000000 0.000000 0.000000 0.000000 0.000000 1.000000
1.000000 -0.000000 0.000000 0.430000 0.000000 1.000000 0.000000 0.000000 0.000000 -0.000000 1.000000 0.000000 0.000000 0.000000 0.000000 1.000000
1.000000 -0.000000 0.000000 0.430000 0.000000 1.000000 -0.000000 0.000000 -0.000000 -0.000000 1.000000 0.000000 0.000000 0.000000 0.000000 1.000000
1.000000 0.000000 0.000000 0.430000 -0.000000 1.000000 0.000000 0.000000 0.000000 0.000000 1.000000 0.000000 0.000000 0.000000 0.000000 1.000000
1.000000 0.000000 0.000000 0.430000 -0.000000 1.000000 -0.000000 0.000000 0.000000 -0.000000 1.000000 0.000000 0.000000 0.000000 0.000000 1.000000</float_array><technique_common><accessor source="#jnt_right_uplegroll-Matrix-animation-output-transform-array" count="13" stride="16"><param type="float4x4"/></accessor></technique_common></source><source id="jnt_right_uplegroll-Interpolations"><Name_array id="jnt_right_uplegroll-Interpolations-array" count="13">
 LINEAR LINEAR LINEAR LINEAR LINEAR LINEAR LINEAR LINEAR LINEAR LINEAR LINEAR
LINEAR LINEAR</Name_array><technique_common><accessor source="#jnt_right_uplegroll-Interpolations-array" count="13"><param type="name"/></accessor></technique_common></source><sampler id="jnt_right_uplegroll-Matrix-animation-transform"><input semantic="INPUT" source="#jnt_right_uplegroll-Matrix-animation-input"/><input semantic="OUTPUT" source="#jnt_right_uplegroll-Matrix-animation-output-transform"/><input semantic="INTERPOLATION" source="#jnt_right_uplegroll-Interpolations"/></sampler><channel source="#jnt_right_uplegroll-Matrix-animation-transform" target="jnt_right_uplegroll/matrix"/></animation></animation>
    <animation id="jnt_right_leg-anim" name="jnt_right_leg"><animation><source id="jnt_right_leg-Matrix-animation-input"><float_array id="jnt_right_leg-Matrix-animation-input-array" count="13">

0.000000 0.033333 0.066667 0.100000 0.133333 0.166667 0.200000 0.233333 0.266667 0.300000 0.333333 0.366667 0.400000</float_array><technique_common><accessor source="#jnt_right_leg-Matrix-animation-input-array" count="13"><param name="TIME" type="float"/></accessor></technique_common></source><source id="jnt_right_leg-Matrix-animation-output-transform"><float_array id="jnt_right_leg-Matrix-animation-output-transform-array" count="208">

-0.017446 0.994931 -0.099034 0.860324 -0.998783 -0.021911 -0.044186 0.000000 -0.046132 0.098143 0.994103 0.000000 0.000000 0.000000 0.000000 1.000000
0.122539 0.990930 -0.055153 0.860324 -0.988698 0.117048 -0.093685 0.000000 -0.086379 0.066010 0.994073 -0.000000 0.000000 0.000000 0.000000 1.000000
-0.172261 0.966895 -0.188254 0.860324 -0.984751 -0.173756 0.008657 -0.000000 -0.024340 0.186875 0.982082 0.000000 0.000000 0.000000 0.000000 1.000000
-0.600034 0.792503 -0.109078 0.860324 -0.795349 -0.576352 0.187718 0.000000 0.085900 0.199393 0.976147 0.000000 0.000000 0.000000 0.000000 1.000000
-0.747254 0.664524 0.004345 0.860324 -0.648897 -0.731061 0.210909 0.000000 0.143330 0.154783 0.977496 0.000000 0.000000 0.000000 0.000000 1.000000
-0.625507 0.778404 0.053189 0.860324 -0.764985 -0.625273 0.154376 0.000000 0.153425 0.055874 0.986579 -0.000000 0.000000 0.000000 0.000000 1.000000
-0.451196 0.890998 0.050447 0.860324 -0.884781 -0.453999 0.105105 0.000000 0.116551 0.002788 0.993181 0.000000 0.000000 0.000000 0.000000 1.000000
-0.412487 0.910950 -0.004918 0.860324 -0.907953 -0.410679 0.083450 0.000000 0.073999 0.038888 0.996500 0.000000 0.000000 0.000000 0.000000 1.000000
-0.426592 0.903068 -0.049884 0.860324 -0.902001 -0.420740 0.096809 -0.000000 0.066436 0.086293 0.994052 0.000000 0.000000 0.000000 0.000000 1.000000
-0.382407 0.918314 -0.102293 0.860324 -0.921194 -0.370292 0.119525 0.000000 0.071883 0.139939 0.987547 0.000000 0.000000 0.000000 0.000000 1.000000
-0.306639 0.941679 -0.138611 0.860324 -0.949804 -0.293237 0.109019 0.000000 0.062015 0.165083 0.984328 -0.000000 0.000000 0.000000 0.000000 1.000000
-0.170774 0.973491 -0.152155 0.860324 -0.985071 -0.165280 0.048148 0.000000 0.021723 0.158105 0.987183 0.000000 0.000000 0.000000 0.000000 1.000000
-0.017442 0.994932 -0.099030 0.860324 -0.998783 -0.021908 -0.044187 0.000000 -0.046132 0.098138 0.994103 -0.000000 0.000000 0.000000 0.000000 1.000000</float_array><technique_common><accessor source="#jnt_right_leg-Matrix-animation-output-transform-array" count="13" stride="16"><param type="float4x4"/></accessor></technique_common></source><source id="jnt_right_leg-Interpolations"><Name_array id="jnt_right_leg-Interpolations-array" count="13">
 LINEAR LINEAR LINEAR LINEAR LINEAR LINEAR LINEAR LINEAR LINEAR LINEAR LINEAR
LINEAR LINEAR</Name_array><technique_common><accessor source="#jnt_right_leg-Interpolations-array" count="13"><param type="name"/></accessor></technique_common></source><sampler id="jnt_right_leg-Matrix-animation-transform"><input semantic="INPUT" source="#jnt_right_leg-Matrix-animation-input"/><input semantic="OUTPUT" source="#jnt_right_leg-Matrix-animation-output-transform"/><input semantic="INTERPOLATION" source="#jnt_right_leg-Interpolations"/></sampler><channel source="#jnt_right_leg-Matrix-animation-transform" target="jnt_right_leg/matrix"/></animation></animation>
    <animation id="jnt_right_legroll-anim" name="jnt_right_legroll"><animation><source id="jnt_right_legroll-Matrix-animation-input"><float_array id="jnt_right_legroll-Matrix-animation-input-array" count="13">

0.000000 0.033333 0.066667 0.100000 0.133333 0.166667 0.200000 0.233333 0.266667 0.300000 0.333333 0.366667 0.400000</float_array><technique_common><accessor source="#jnt_right_legroll-Matrix-animation-input-array" count="13"><param name="TIME" type="float"/></accessor></technique_common></source><source id="jnt_right_legroll-Matrix-animation-output-transform"><float_array id="jnt_right_legroll-Matrix-animation-output-transform-array" count="208">

1.000000 0.000000 0.000000 0.384000 -0.000000 0.999852 -0.017215 -0.000000 -0.000000 0.017215 0.999852 -0.000000 0.000000 0.000000 0.000000 1.000000
1.000000 -0.000000 -0.000000 0.384000 0.000000 1.000000 0.000000 -0.000000 -0.000000 0.000000 1.000000 -0.000000 0.000000 0.000000 0.000000 1.000000
1.000000 0.000000 -0.000000 0.384000 -0.000000 1.000000 0.000000 0.000000 0.000000 -0.000000 1.000000 0.000000 0.000000 0.000000 0.000000 1.000000
1.000000 -0.000000 0.000000 0.384000 0.000000 1.000000 0.000000 0.000000 -0.000000 0.000000 1.000000 0.000000 0.000000 0.000000 0.000000 1.000000
1.000000 -0.000000 -0.000000 0.384000 0.000000 0.999121 0.041924 0.000000 -0.000000 -0.041924 0.999121 0.000000 0.000000 0.000000 0.000000 1.000000
1.000000 0.000000 0.000000 0.384000 0.000000 0.998638 0.052166 -0.000000 -0.000000 -0.052166 0.998638 0.000000 0.000000 0.000000 0.000000 1.000000
1.000000 -0.000000 0.000000 0.384000 0.000000 0.998875 0.047410 -0.000000 0.000000 -0.047410 0.998875 -0.000000 0.000000 0.000000 0.000000 1.000000
1.000000 -0.000000 -0.000000 0.384000 0.000000 0.999402 0.034573 -0.000000 0.000000 -0.034573 0.999402 0.000000 0.000000 0.000000 0.000000 1.000000
1.000000 0.000000 0.000000 0.384000 0.000000 1.000000 0.000000 -0.000000 -0.000000 0.000000 1.000000 0.000000 0.000000 0.000000 0.000000 1.000000
1.000000 -0.000000 0.000000 0.384000 0.000000 1.000000 0.000000 -0.000000 0.000000 -0.000000 1.000000 0.000000 0.000000 0.000000 0.000000 1.000000
1.000000 0.000000 0.000000 0.384000 0.000000 0.999793 -0.020370 -0.000000 -0.000000 0.020370 0.999793 0.000000 0.000000 0.000000 0.000000 1.000000
1.000000 0.000000 0.000000 0.384000 -0.000000 0.999514 -0.031182 0.000000 -0.000000 0.031182 0.999514 0.000000 0.000000 0.000000 0.000000 1.000000
1.000000 -0.000000 0.000000 0.384000 -0.000000 0.999852 -0.017216 0.000000 0.000000 0.017216 0.999852 0.000000 0.000000 0.000000 0.000000 1.000000</float_array><technique_common><accessor source="#jnt_right_legroll-Matrix-animation-output-transform-array" count="13" stride="16"><param type="float4x4"/></accessor></technique_common></source><source id="jnt_right_legroll-Interpolations"><Name_array id="jnt_right_legroll-Interpolations-array" count="13">
 LINEAR LINEAR LINEAR LINEAR LINEAR LINEAR LINEAR LINEAR LINEAR LINEAR LINEAR
LINEAR LINEAR</Name_array><technique_common><accessor source="#jnt_right_legroll-Interpolations-array" count="13"><param type="name"/></accessor></technique_common></source><sampler id="jnt_right_legroll-Matrix-animation-transform"><input semantic="INPUT" source="#jnt_right_legroll-Matrix-animation-input"/><input semantic="OUTPUT" source="#jnt_right_legroll-Matrix-animation-output-transform"/><input semantic="INTERPOLATION" source="#jnt_right_legroll-Interpolations"/></sampler><channel source="#jnt_right_legroll-Matrix-animation-transform" target="jnt_right_legroll/matrix"/></animation></animation>
    <animation id="jnt_right_foot-anim" name="jnt_right_foot"><animation><source id="jnt_right_foot-Matrix-animation-input"><float_array id="jnt_right_foot-Matrix-animation-input-array" count="13">

0.000000 0.033333 0.066667 0.100000 0.133333 0.166667 0.200000 0.233333 0.266667 0.300000 0.333333 0.366667 0.400000</float_array><technique_common><accessor source="#jnt_right_foot-Matrix-animation-input-array" count="13"><param name="TIME" type="float"/></accessor></technique_common></source><source id="jnt_right_foot-Matrix-animation-output-transform"><float_array id="jnt_right_foot-Matrix-animation-output-transform-array" count="208">

0.275884 -0.841786 -0.463987 0.768145 0.828293 0.453118 -0.329568 -0.000000 0.487667 -0.293395 0.822253 0.000000 0.000000 0.000000 0.000000 1.000000
0.251150 -0.933882 -0.254537 0.768144 0.928856 0.306503 -0.208046 0.000000 0.272306 -0.184178 0.944419 0.000000 0.000000 0.000000 0.000000 1.000000
0.213687 -0.976493 -0.028257 0.768145 0.942233 0.213655 -0.257969 0.000000 0.257942 0.028500 0.965740 -0.000000 0.000000 0.000000 0.000000 1.000000
0.279124 -0.943728 0.177388 0.768145 0.930662 0.220358 -0.292080 0.000000 0.236555 0.246615 0.939799 0.000000 0.000000 0.000000 0.000000 1.000000
0.288661 -0.865193 0.410019 0.768144 0.956056 0.237531 -0.171860 0.000000 0.051300 0.441610 0.895739 0.000000 0.000000 0.000000 0.000000 1.000000
0.082284 -0.873929 0.479038 0.768144 0.996608 0.071620 -0.040527 -0.000000 0.001109 0.480748 0.876858 0.000000 0.000000 0.000000 0.000000 1.000000
-0.449534 -0.830580 0.328718 0.768144 0.890389 -0.446142 0.090361 -0.000000 0.071603 0.333307 0.940096 -0.000000 0.000000 0.000000 0.000000 1.000000
-0.571941 -0.794205 0.205235 0.768144 0.813464 -0.581361 0.017217 0.000000 0.105642 0.176798 0.978561 0.000000 0.000000 0.000000 0.000000 1.000000
-0.412265 -0.905889 0.096972 0.768144 0.890232 -0.423181 -0.168539 0.000000 0.193715 0.016845 0.980913 0.000000 0.000000 0.000000 0.000000 1.000000
-0.206007 -0.977491 -0.045528 0.768145 0.923199 -0.178717 -0.340240 -0.000000 0.324445 -0.112124 0.939236 0.000000 0.000000 0.000000 0.000000 1.000000
-0.021447 -0.971844 -0.234648 0.768144 0.895581 0.085646 -0.436577 -0.000000 0.444381 -0.219509 0.868528 -0.000000 0.000000 0.000000 0.000000 1.000000
0.140720 -0.879479 -0.454659 0.768144 0.835415 0.351920 -0.422177 0.000000 0.531299 -0.320421 0.784252 -0.000000 0.000000 0.000000 0.000000 1.000000
0.275858 -0.841773 -0.464027 0.768144 0.828295 0.453114 -0.329567 0.000000 0.487677 -0.293438 0.822232 -0.000000 0.000000 0.000000 0.000000 1.000000</float_array><technique_common><accessor source="#jnt_right_foot-Matrix-animation-output-transform-array" count="13" stride="16"><param type="float4x4"/></accessor></technique_common></source><source id="jnt_right_foot-Interpolations"><Name_array id="jnt_right_foot-Interpolations-array" count="13">
 LINEAR LINEAR LINEAR LINEAR LINEAR LINEAR LINEAR LINEAR LINEAR LINEAR LINEAR
LINEAR LINEAR</Name_array><technique_common><accessor source="#jnt_right_foot-Interpolations-array" count="13"><param type="name"/></accessor></technique_common></source><sampler id="jnt_right_foot-Matrix-animation-transform"><input semantic="INPUT" source="#jnt_right_foot-Matrix-animation-input"/><input semantic="OUTPUT" source="#jnt_right_foot-Matrix-animation-output-transform"/><input semantic="INTERPOLATION" source="#jnt_right_foot-Interpolations"/></sampler><channel source="#jnt_right_foot-Matrix-animation-transform" target="jnt_right_foot/matrix"/></animation></animation>
    <animation id="jnt_right_toebase-anim" name="jnt_right_toebase"><animation><source id="jnt_right_toebase-Matrix-animation-input"><float_array id="jnt_right_toebase-Matrix-animation-input-array" count="13">

0.000000 0.033333 0.066667 0.100000 0.133333 0.166667 0.200000 0.233333 0.266667 0.300000 0.333333 0.366667 0.400000</float_array><technique_common><accessor source="#jnt_right_toebase-Matrix-animation-input-array" count="13"><param name="TIME" type="float"/></accessor></technique_common></source><source id="jnt_right_toebase-Matrix-animation-output-transform"><float_array id="jnt_right_toebase-Matrix-animation-output-transform-array" count="208">

0.589396 -0.807696 0.015465 0.441847 0.807837 0.589362 -0.007149 -0.000000 -0.003340 0.016706 0.999855 0.000000 0.000000 0.000000 0.000000 1.000000
0.575383 -0.817696 0.017559 0.441847 0.817875 0.575344 -0.007680 -0.000000 -0.003822 0.018780 0.999816 -0.000000 0.000000 0.000000 0.000000 1.000000
0.598117 -0.801286 0.014041 0.441847 0.801403 0.598088 -0.006690 0.000000 -0.003038 0.015254 0.999879 0.000000 0.000000 0.000000 0.000000 1.000000
0.602261 -0.798187 0.013360 0.441847 0.798294 0.602234 -0.006467 -0.000000 -0.002884 0.014560 0.999890 -0.000000 0.000000 0.000000 0.000000 1.000000
0.542188 -0.830580 0.127156 0.441847 0.840257 0.535760 -0.083246 -0.000000 0.001017 0.151978 0.988383 -0.000000 0.000000 0.000000 0.000000 1.000000
0.378816 -0.882434 0.278943 0.441847 0.924774 0.349225 -0.151111 -0.000000 0.035931 0.315202 0.948344 -0.000000 0.000000 0.000000 0.000000 1.000000
0.500105 -0.865506 0.028189 0.441847 0.865949 0.500027 -0.010270 0.000000 -0.005207 0.029547 0.999550 -0.000000 0.000000 0.000000 0.000000 1.000000
0.610339 -0.792047 0.012200 0.441847 0.792136 0.610314 -0.006096 -0.000000 -0.002617 0.013384 0.999907 0.000000 0.000000 0.000000 0.000000 1.000000
0.621316 -0.783490 0.010491 0.441847 0.783557 0.621296 -0.005493 0.000000 -0.002214 0.011633 0.999930 0.000000 0.000000 0.000000 0.000000 1.000000
0.620954 -0.783777 0.010530 0.441847 0.783844 0.620933 -0.005504 0.000000 -0.002225 0.011672 0.999929 0.000000 0.000000 0.000000 0.000000 1.000000
0.618423 -0.785769 0.010985 0.441847 0.785842 0.618403 -0.005557 0.000000 -0.002427 0.012069 0.999924 -0.000000 0.000000 0.000000 0.000000 1.000000
0.610143 -0.792198 0.012153 0.441847 0.792287 0.610118 -0.006052 -0.000000 -0.002620 0.013321 0.999908 0.000000 0.000000 0.000000 0.000000 1.000000
0.589384 -0.807707 0.015349 0.441847 0.807846 0.589351 -0.007079 -0.000000 -0.003328 0.016572 0.999857 0.000000 0.000000 0.000000 0.000000 1.000000</float_array><technique_common><accessor source="#jnt_right_toebase-Matrix-animation-output-transform-array" count="13" stride="16"><param type="float4x4"/></accessor></technique_common></source><source id="jnt_right_toebase-Interpolations"><Name_array id="jnt_right_toebase-Interpolations-array" count="13">
 LINEAR LINEAR LINEAR LINEAR LINEAR LINEAR LINEAR LINEAR LINEAR LINEAR LINEAR
LINEAR LINEAR</Name_array><technique_common><accessor source="#jnt_right_toebase-Interpolations-array" count="13"><param type="name"/></accessor></technique_common></source><sampler id="jnt_right_toebase-Matrix-animation-transform"><input semantic="INPUT" source="#jnt_right_toebase-Matrix-animation-input"/><input semantic="OUTPUT" source="#jnt_right_toebase-Matrix-animation-output-transform"/><input semantic="INTERPOLATION" source="#jnt_right_toebase-Interpolations"/></sampler><channel source="#jnt_right_toebase-Matrix-animation-transform" target="jnt_right_toebase/matrix"/></animation></animation>
    <animation id="jnt_right_toeend-anim" name="jnt_right_toeend"><animation><source id="jnt_right_toeend-Matrix-animation-input"><float_array id="jnt_right_toeend-Matrix-animation-input-array" count="13">

0.000000 0.033333 0.066667 0.100000 0.133333 0.166667 0.200000 0.233333 0.266667 0.300000 0.333333 0.366667 0.400000</float_array><technique_common><accessor source="#jnt_right_toeend-Matrix-animation-input-array" count="13"><param name="TIME" type="float"/></accessor></technique_common></source><source id="jnt_right_toeend-Matrix-animation-output-transform"><float_array id="jnt_right_toeend-Matrix-animation-output-transform-array" count="208">

1.000000 0.000000 -0.000000 0.379397 -0.000000 1.000000 0.000000 0.000000 0.000000 0.000000 1.000000 -0.000000 0.000000 0.000000 0.000000 1.000000
1.000000 -0.000000 -0.000000 0.379397 0.000000 1.000000 0.000000 0.000000 0.000000 0.000000 1.000000 -0.000000 0.000000 0.000000 0.000000 1.000000
1.000000 -0.000000 0.000000 0.379397 0.000000 1.000000 -0.000000 0.000000 0.000000 0.000000 1.000000 -0.000000 0.000000 0.000000 0.000000 1.000000
1.000000 0.000000 0.000000 0.379397 0.000000 1.000000 0.000000 0.000000 0.000000 -0.000000 1.000000 0.000000 0.000000 0.000000 0.000000 1.000000
1.000000 0.000000 0.000000 0.379397 -0.000000 1.000000 0.000000 0.000000 0.000000 -0.000000 1.000000 -0.000000 0.000000 0.000000 0.000000 1.000000
1.000000 -0.000000 0.000000 0.379397 0.000000 1.000000 0.000000 0.000000 0.000000 0.000000 1.000000 -0.000000 0.000000 0.000000 0.000000 1.000000
1.000000 0.000000 -0.000000 0.379397 0.000000 1.000000 -0.000000 0.000000 0.000000 -0.000000 1.000000 -0.000000 0.000000 0.000000 0.000000 1.000000
1.000000 -0.000000 0.000000 0.379397 -0.000000 1.000000 0.000000 0.000000 0.000000 -0.000000 1.000000 -0.000000 0.000000 0.000000 0.000000 1.000000
1.000000 0.000000 0.000000 0.379397 0.000000 1.000000 0.000000 0.000000 -0.000000 0.000000 1.000000 -0.000000 0.000000 0.000000 0.000000 1.000000
1.000000 -0.000000 0.000000 0.379397 0.000000 1.000000 0.000000 0.000000 -0.000000 0.000000 1.000000 -0.000000 0.000000 0.000000 0.000000 1.000000
1.000000 0.000000 0.000000 0.379397 0.000000 1.000000 0.000000 0.000000 0.000000 0.000000 1.000000 -0.000000 0.000000 0.000000 0.000000 1.000000
1.000000 -0.000000 0.000000 0.379397 0.000000 1.000000 0.000000 0.000000 0.000000 0.000000 1.000000 -0.000000 0.000000 0.000000 0.000000 1.000000
1.000000 -0.000000 -0.000000 0.379397 -0.000000 1.000000 0.000000 0.000000 0.000000 0.000000 1.000000 -0.000000 0.000000 0.000000 0.000000 1.000000</float_array><technique_common><accessor source="#jnt_right_toeend-Matrix-animation-output-transform-array" count="13" stride="16"><param type="float4x4"/></accessor></technique_common></source><source id="jnt_right_toeend-Interpolations"><Name_array id="jnt_right_toeend-Interpolations-array" count="13">
 LINEAR LINEAR LINEAR LINEAR LINEAR LINEAR LINEAR LINEAR LINEAR LINEAR LINEAR
LINEAR LINEAR</Name_array><technique_common><accessor source="#jnt_right_toeend-Interpolations-array" count="13"><param type="name"/></accessor></technique_common></source><sampler id="jnt_right_toeend-Matrix-animation-transform"><input semantic="INPUT" source="#jnt_right_toeend-Matrix-animation-input"/><input semantic="OUTPUT" source="#jnt_right_toeend-Matrix-animation-output-transform"/><input semantic="INTERPOLATION" source="#jnt_right_toeend-Interpolations"/></sampler><channel source="#jnt_right_toeend-Matrix-animation-transform" target="jnt_right_toeend/matrix"/></animation></animation>
    <animation id="jnt_left_upleg-anim" name="jnt_left_upleg"><animation><source id="jnt_left_upleg-Matrix-animation-input"><float_array id="jnt_left_upleg-Matrix-animation-input-array" count="13">

0.000000 0.033333 0.066667 0.100000 0.133333 0.166667 0.200000 0.233333 0.266667 0.300000 0.333333 0.366667 0.400000</float_array><technique_common><accessor source="#jnt_left_upleg-Matrix-animation-input-array" count="13"><param name="TIME" type="float"/></accessor></technique_common></source><source id="jnt_left_upleg-Matrix-animation-output-transform"><float_array id="jnt_left_upleg-Matrix-animation-output-transform-array" count="208">

0.179968 0.305209 -0.935125 0.446779 -0.937213 0.341909 -0.068776 -0.111213 0.298736 0.888789 0.347579 0.043020 0.000000 0.000000 0.000000 1.000000
0.127746 0.279846 -0.951508 0.446779 -0.898781 0.438320 0.008246 -0.111213 0.419373 0.854144 0.307514 0.043020 0.000000 0.000000 0.000000 1.000000
0.236163 0.198811 -0.951158 0.446779 -0.703124 0.710590 -0.026051 -0.111213 0.670704 0.674934 0.307604 0.043020 0.000000 0.000000 0.000000 1.000000
0.337527 0.135110 -0.931569 0.446779 -0.448794 0.893022 -0.033089 -0.111213 0.827441 0.429251 0.362056 0.043020 0.000000 0.000000 0.000000 1.000000
0.407231 0.040592 -0.912423 0.446779 -0.111129 0.993791 -0.005386 -0.111213 0.906539 0.103590 0.409214 0.043020 0.000000 0.000000 0.000000 1.000000
0.452251 -0.091128 -0.887223 0.446779 0.153601 0.987861 -0.023169 -0.111213 0.878565 -0.125800 0.460758 0.043020 0.000000 0.000000 0.000000 1.000000
0.506354 -0.222680 -0.833078 0.446779 0.230731 0.965845 -0.117927 -0.111213 0.830884 -0.132504 0.540439 0.043020 0.000000 0.000000 0.000000 1.000000
0.554872 -0.293393 -0.778484 0.446779 0.184975 0.955836 -0.228390 -0.111213 0.811111 -0.017273 0.584637 0.043020 0.000000 0.000000 0.000000 1.000000
0.534457 -0.288939 -0.794273 0.446779 0.188192 0.956842 -0.221445 -0.111213 0.823978 -0.031122 0.565767 0.043020 0.000000 0.000000 0.000000 1.000000
0.459604 -0.240030 -0.855073 0.446779 0.192026 0.966869 -0.168198 -0.111213 0.867116 -0.086892 0.490468 0.043020 0.000000 0.000000 0.000000 1.000000
0.347042 -0.281108 -0.894729 0.446779 -0.199135 0.910181 -0.363202 -0.111213 0.916464 0.304219 0.259892 0.043020 0.000000 0.000000 0.000000 1.000000
0.305760 -0.075282 -0.949128 0.446779 -0.821303 0.483423 -0.302925 -0.111213 0.481635 0.872144 0.085982 0.043020 0.000000 0.000000 0.000000 1.000000
0.179971 0.305201 -0.935127 0.446779 -0.937209 0.341920 -0.068778 -0.111213 0.298747 0.888788 0.347572 0.043020 0.000000 0.000000 0.000000 1.000000</float_array><technique_common><accessor source="#jnt_left_upleg-Matrix-animation-output-transform-array" count="13" stride="16"><param type="float4x4"/></accessor></technique_common></source><source id="jnt_left_upleg-Interpolations"><Name_array id="jnt_left_upleg-Interpolations-array" count="13">
 LINEAR LINEAR LINEAR LINEAR LINEAR LINEAR LINEAR LINEAR LINEAR LINEAR LINEAR
LINEAR LINEAR</Name_array><technique_common><accessor source="#jnt_left_upleg-Interpolations-array" count="13"><param type="name"/></accessor></technique_common></source><sampler id="jnt_left_upleg-Matrix-animation-transform"><input semantic="INPUT" source="#jnt_left_upleg-Matrix-animation-input"/><input semantic="OUTPUT" source="#jnt_left_upleg-Matrix-animation-output-transform"/><input semantic="INTERPOLATION" source="#jnt_left_upleg-Interpolations"/></sampler><channel source="#jnt_left_upleg-Matrix-animation-transform" target="jnt_left_upleg/matrix"/></animation></animation>
    <animation id="jnt_left_uplegroll-anim" name="jnt_left_uplegroll"><animation><source id="jnt_left_uplegroll-Matrix-animation-input"><float_array id="jnt_left_uplegroll-Matrix-animation-input-array" count="13">

0.000000 0.033333 0.066667 0.100000 0.133333 0.166667 0.200000 0.233333 0.266667 0.300000 0.333333 0.366667 0.400000</float_array><technique_common><accessor source="#jnt_left_uplegroll-Matrix-animation-input-array" count="13"><param name="TIME" type="float"/></accessor></technique_common></source><source id="jnt_left_uplegroll-Matrix-animation-output-transform"><float_array id="jnt_left_uplegroll-Matrix-animation-output-transform-array" count="208">

1.000000 0.000000 0.000000 0.430000 0.000000 1.000000 0.000000 0.000000 0.000000 -0.000000 1.000000 0.000000 0.000000 0.000000 0.000000 1.000000
1.000000 -0.000000 -0.000000 0.430000 -0.000000 1.000000 0.000000 0.000000 -0.000000 -0.000000 1.000000 0.000000 0.000000 0.000000 0.000000 1.000000
1.000000 -0.000000 0.000000 0.430000 -0.000000 1.000000 0.000000 -0.000000 0.000000 0.000000 1.000000 0.000000 0.000000 0.000000 0.000000 1.000000
1.000000 0.000000 -0.000000 0.430000 0.000000 1.000000 0.000000 0.000000 0.000000 0.000000 1.000000 0.000000 0.000000 0.000000 0.000000 1.000000
1.000000 0.000000 -0.000000 0.430000 -0.000000 1.000000 -0.000000 0.000000 0.000000 0.000000 1.000000 0.000000 0.000000 0.000000 0.000000 1.000000
1.000000 0.000000 0.000000 0.430000 -0.000000 1.000000 -0.000000 0.000000 -0.000000 -0.000000 1.000000 0.000000 0.000000 0.000000 0.000000 1.000000
1.000000 -0.000000 0.000000 0.430000 0.000000 1.000000 0.000000 0.000000 0.000000 -0.000000 1.000000 0.000000 0.000000 0.000000 0.000000 1.000000
1.000000 0.000000 0.000000 0.430000 0.000000 1.000000 -0.000000 -0.000000 0.000000 0.000000 1.000000 0.000000 0.000000 0.000000 0.000000 1.000000
1.000000 0.000000 -0.000000 0.430000 0.000000 1.000000 -0.000000 0.000000 -0.000000 -0.000000 1.000000 -0.000000 0.000000 0.000000 0.000000 1.000000
1.000000 -0.000000 0.000000 0.430000 -0.000000 1.000000 -0.000000 -0.000000 -0.000000 -0.000000 1.000000 0.000000 0.000000 0.000000 0.000000 1.000000
1.000000 -0.000000 0.000000 0.430000 -0.000000 1.000000 0.000000 0.000000 -0.000000 0.000000 1.000000 0.000000 0.000000 0.000000 0.000000 1.000000
1.000000 0.000000 -0.000000 0.430000 0.000000 1.000000 -0.000000 0.000000 0.000000 0.000000 1.000000 0.000000 0.000000 0.000000 0.000000 1.000000
1.000000 -0.000000 -0.000000 0.430000 0.000000 1.000000 0.000000 0.000000 0.000000 -0.000000 1.000000 0.000000 0.000000 0.000000 0.000000 1.000000</float_array><technique_common><accessor source="#jnt_left_uplegroll-Matrix-animation-output-transform-array" count="13" stride="16"><param type="float4x4"/></accessor></technique_common></source><source id="jnt_left_uplegroll-Interpolations"><Name_array id="jnt_left_uplegroll-Interpolations-array" count="13">
 LINEAR LINEAR LINEAR LINEAR LINEAR LINEAR LINEAR LINEAR LINEAR LINEAR LINEAR
LINEAR LINEAR</Name_array><technique_common><accessor source="#jnt_left_uplegroll-Interpolations-array" count="13"><param type="name"/></accessor></technique_common></source><sampler id="jnt_left_uplegroll-Matrix-animation-transform"><input semantic="INPUT" source="#jnt_left_uplegroll-Matrix-animation-input"/><input semantic="OUTPUT" source="#jnt_left_uplegroll-Matrix-animation-output-transform"/><input semantic="INTERPOLATION" source="#jnt_left_uplegroll-Interpolations"/></sampler><channel source="#jnt_left_uplegroll-Matrix-animation-transform" target="jnt_left_uplegroll/matrix"/></animation></animation>
    <animation id="jnt_left_leg-anim" name="jnt_left_leg"><animation><source id="jnt_left_leg-Matrix-animation-input"><float_array id="jnt_left_leg-Matrix-animation-input-array" count="13">

0.000000 0.033333 0.066667 0.100000 0.133333 0.166667 0.200000 0.233333 0.266667 0.300000 0.333333 0.366667 0.400000</float_array><technique_common><accessor source="#jnt_left_leg-Matrix-animation-input-array" count="13"><param name="TIME" type="float"/></accessor></technique_common></source><source id="jnt_left_leg-Matrix-animation-output-transform"><float_array id="jnt_left_leg-Matrix-animation-output-transform-array" count="208">

-0.685762 0.727121 0.032026 0.860328 -0.727575 -0.686017 -0.003931 0.000000 0.019112 -0.025997 0.999479 0.000001 0.000000 0.000000 0.000000 1.000000
-0.540577 0.840898 0.025821 0.860328 -0.839189 -0.541141 0.054119 0.000000 0.059481 0.007587 0.998201 0.000001 0.000000 0.000000 0.000000 1.000000
-0.556730 0.828177 -0.064614 0.860328 -0.827873 -0.546755 0.125239 0.000000 0.068393 0.123216 0.990020 0.000001 0.000000 0.000000 0.000000 1.000000
-0.565580 0.816968 -0.112614 0.860328 -0.822576 -0.549066 0.147972 0.000000 0.059056 0.176323 0.982559 0.000001 0.000000 0.000000 0.000000 1.000000
-0.540050 0.823801 -0.172329 0.860328 -0.841475 -0.524543 0.129517 0.000000 0.016303 0.214956 0.976488 0.000001 0.000000 0.000000 0.000000 1.000000
-0.423486 0.866195 -0.265267 0.860329 -0.905872 -0.407310 0.116162 0.000000 -0.007427 0.289491 0.957152 0.000001 0.000000 0.000000 0.000000 1.000000
-0.187110 0.922144 -0.338587 0.860328 -0.980955 -0.157107 0.114215 0.000000 0.052128 0.353509 0.933977 0.000001 0.000000 0.000000 0.000000 1.000000
0.040848 0.918698 -0.392843 0.860328 -0.991105 0.087096 0.100627 0.000000 0.126661 0.385238 0.914084 0.000001 0.000000 0.000000 0.000000 1.000000
-0.067838 0.916099 -0.395171 0.860329 -0.997690 -0.063697 0.023608 -0.000000 -0.003544 0.395860 0.918304 0.000001 0.000000 0.000000 0.000000 1.000000
-0.554163 0.709477 -0.435369 0.860328 -0.799463 -0.599318 0.040954 0.000000 -0.231869 0.370756 0.899320 0.000001 0.000000 0.000000 0.000000 1.000000
-0.858321 0.370704 -0.354774 0.860328 -0.462011 -0.859142 0.220046 0.000000 -0.223229 0.352780 0.908689 0.000001 0.000000 0.000000 0.000000 1.000000
-0.875207 0.424438 -0.232089 0.860328 -0.477422 -0.835196 0.272975 0.000000 -0.077979 0.349714 0.933606 0.000001 0.000000 0.000000 0.000000 1.000000
-0.685762 0.727121 0.032023 0.860328 -0.727575 -0.686017 -0.003926 0.000000 0.019114 -0.025992 0.999479 0.000001 0.000000 0.000000 0.000000 1.000000</float_array><technique_common><accessor source="#jnt_left_leg-Matrix-animation-output-transform-array" count="13" stride="16"><param type="float4x4"/></accessor></technique_common></source><source id="jnt_left_leg-Interpolations"><Name_array id="jnt_left_leg-Interpolations-array" count="13">
 LINEAR LINEAR LINEAR LINEAR LINEAR LINEAR LINEAR LINEAR LINEAR LINEAR LINEAR
LINEAR LINEAR</Name_array><technique_common><accessor source="#jnt_left_leg-Interpolations-array" count="13"><param type="name"/></accessor></technique_common></source><sampler id="jnt_left_leg-Matrix-animation-transform"><input semantic="INPUT" source="#jnt_left_leg-Matrix-animation-input"/><input semantic="OUTPUT" source="#jnt_left_leg-Matrix-animation-output-transform"/><input semantic="INTERPOLATION" source="#jnt_left_leg-Interpolations"/></sampler><channel source="#jnt_left_leg-Matrix-animation-transform" target="jnt_left_leg/matrix"/></animation></animation>
    <animation id="jnt_left_legroll-anim" name="jnt_left_legroll"><animation><source id="jnt_left_legroll-Matrix-animation-input"><float_array id="jnt_left_legroll-Matrix-animation-input-array" count="13">

