<?xml version="1.0" encoding="utf-8"?>
<COLLADA xmlns="http://www.collada.org/2005/11/COLLADASchema" version="1.4.1">
  <asset><contributor><author></author><authoring_tool>FBX COLLADA exporter</authoring_tool><comments></comments></contributor><created>2018-04-06T13:39:34Z</created><keywords></keywords><modified>2018-04-06T13:39:34Z</modified><revision></revision><subject></subject><title></title><unit meter="0.010000" name="centimeter"></unit><up_axis>Y_UP</up_axis></asset>
  <library_animations>
    <animation id="jnt_hips-anim" name="jnt_hips"><animation><source id="jnt_hips-Matrix-animation-input"><float_array id="jnt_hips-Matrix-animation-input-array" count="19">

0.000000 0.033333 0.066667 0.100000 0.133333 0.166667 0.200000 0.233333 0.266667 0.300000 0.333333 0.366667 0.400000 0.433333 0.466667 0.500000
0.533333 0.566667 0.600000</float_array><technique_common><accessor source="#jnt_hips-Matrix-animation-input-array" count="19"><param name="TIME" type="float"/></accessor></technique_common></source><source id="jnt_hips-Matrix-animation-output-transform"><float_array id="jnt_hips-Matrix-animation-output-transform-array" count="304">

0.998786 -0.005537 -0.048944 -0.035031 -0.005413 0.975303 -0.220805 1.852046 0.048958 0.220802 0.974089 -0.118979 0.000000 0.000000 0.000000 1.000000
0.999414 -0.005646 -0.033771 -0.030856 -0.000715 0.982653 -0.185451 1.730110 0.034232 0.185366 0.982073 -0.110897 0.000000 0.000000 0.000000 1.000000
0.999811 -0.005756 -0.018590 -0.023131 0.002964 0.989158 -0.146823 1.607939 0.019233 0.146740 0.988988 -0.103123 0.000000 0.000000 0.000000 1.000000
0.999325 0.028664 -0.022956 -0.011041 -0.031679 0.989058 -0.144087 1.730965 0.018575 0.144717 0.989299 -0.106490 0.000000 0.000000 0.000000 1.000000
0.998056 0.062319 0.000180 -0.009497 -0.061427 0.984258 -0.165717 1.937728 -0.010504 0.165384 0.986173 -0.113373 0.000000 0.000000 0.000000 1.000000
0.994946 0.094133 0.034944 -0.003448 -0.085540 0.976872 -0.195968 2.159604 -0.052583 0.191988 0.979987 -0.119334 0.000000 0.000000 0.000000 1.000000
0.992102 0.111575 0.057313 0.007281 -0.096013 0.969521 -0.225411 2.217148 -0.080716 0.218128 0.972576 -0.121901 0.000000 0.000000 0.000000 1.000000
0.994226 0.069929 0.081395 0.019072 -0.048675 0.969876 -0.238687 2.183283 -0.095634 0.233347 0.967679 -0.129821 0.000000 0.000000 0.000000 1.000000
0.996285 -0.001309 0.086113 0.026893 0.021519 0.971954 -0.234186 2.074694 -0.083391 0.235169 0.968371 -0.141547 0.000000 0.000000 0.000000 1.000000
0.997958 0.000719 0.063874 0.036132 0.013476 0.975060 -0.221532 1.869263 -0.062440 0.221940 0.973059 -0.145351 0.000000 0.000000 0.000000 1.000000
0.998485 0.034316 0.043017 0.036603 -0.025781 0.982355 -0.185240 1.608082 -0.048614 0.183850 0.981751 -0.137107 0.000000 0.000000 0.000000 1.000000
0.997719 0.052148 0.042861 0.022732 -0.045210 0.987748 -0.149367 1.607393 -0.050125 0.147089 0.987852 -0.120245 0.000000 0.000000 0.000000 1.000000
0.999501 0.019926 0.024523 0.008110 -0.016029 0.988563 -0.149954 1.718298 -0.027230 0.149486 0.988389 -0.116825 0.000000 0.000000 0.000000 1.000000
0.999293 -0.034393 -0.015166 -0.001796 0.031029 0.982512 -0.183598 1.940354 0.021215 0.182997 0.982884 -0.120363 0.000000 0.000000 0.000000 1.000000
0.994669 -0.086833 -0.055619 -0.009496 0.072579 0.972668 -0.220568 2.172531 0.073252 0.215355 0.973785 -0.124317 0.000000 0.000000 0.000000 1.000000
0.991277 -0.105630 -0.078817 -0.019597 0.083798 0.966730 -0.241684 2.209412 0.101724 0.232971 0.967149 -0.127981 0.000000 0.000000 0.000000 1.000000
0.994039 -0.065664 -0.087034 -0.029467 0.042587 0.968721 -0.244470 2.170815 0.100364 0.239307 0.965743 -0.128731 0.000000 0.000000 0.000000 1.000000
0.997308 -0.027263 -0.068071 -0.033425 0.010785 0.972752 -0.231598 1.982264 0.072530 0.230240 0.970427 -0.123856 0.000000 0.000000 0.000000 1.000000
0.998786 -0.005537 -0.048944 -0.035031 -0.005413 0.975303 -0.220805 1.852046 0.048958 0.220802 0.974089 -0.118979 0.000000 0.000000 0.000000 1.000000</float_array><technique_common><accessor source="#jnt_hips-Matrix-animation-output-transform-array" count="19" stride="16"><param type="float4x4"/></accessor></technique_common></source><source id="jnt_hips-Interpolations"><Name_array id="jnt_hips-Interpolations-array" count="19">
 LINEAR LINEAR LINEAR LINEAR LINEAR LINEAR LINEAR LINEAR LINEAR LINEAR LINEAR
LINEAR LINEAR LINEAR LINEAR LINEAR LINEAR LINEAR LINEAR</Name_array><technique_common><accessor source="#jnt_hips-Interpolations-array" count="19"><param type="name"/></accessor></technique_common></source><sampler id="jnt_hips-Matrix-animation-transform"><input semantic="INPUT" source="#jnt_hips-Matrix-animation-input"/><input semantic="OUTPUT" source="#jnt_hips-Matrix-animation-output-transform"/><input semantic="INTERPOLATION" source="#jnt_hips-Interpolations"/></sampler><channel source="#jnt_hips-Matrix-animation-transform" target="jnt_hips/matrix"/></animation></animation>
    <animation id="jnt_right_upleg-anim" name="jnt_right_upleg"><animation><source id="jnt_right_upleg-Matrix-animation-input"><float_array id="jnt_right_upleg-Matrix-animation-input-array" count="19">

0.000000 0.033333 0.066667 0.100000 0.133333 0.166667 0.200000 0.233333 0.266667 0.300000 0.333333 0.366667 0.400000 0.433333 0.466667 0.500000
0.533333 0.566667 0.600000</float_array><technique_common><accessor source="#jnt_right_upleg-Matrix-animation-input-array" count="19"><param name="TIME" type="float"/></accessor></technique_common></source><source id="jnt_right_upleg-Matrix-animation-output-transform"><float_array id="jnt_right_upleg-Matrix-animation-output-transform-array" count="304">

0.002136 -0.182851 -0.983138 -0.446779 -0.793258 -0.598928 0.109669 -0.111214 -0.608882 0.779648 -0.146327 0.043020 0.000000 0.000000 0.000000 1.000000
-0.037052 -0.242722 -0.969388 -0.446780 -0.843894 -0.511959 0.160443 -0.111214 -0.535230 0.824005 -0.185862 0.043020 0.000000 0.000000 0.000000 1.000000
-0.097691 -0.320176 -0.942308 -0.446780 -0.913193 -0.347573 0.212771 -0.111214 -0.395645 0.881294 -0.258428 0.043020 0.000000 0.000000 0.000000 1.000000
-0.011920 -0.367698 -0.929869 -0.446779 -0.999925 0.001847 0.012087 -0.111214 -0.002727 0.929943 -0.367693 0.043020 0.000000 0.000000 0.000000 1.000000
0.046578 -0.324931 -0.944590 -0.446779 -0.946251 0.288633 -0.145948 -0.111214 0.320063 0.900617 -0.294022 0.043020 0.000000 0.000000 0.000000 1.000000
0.111777 -0.244172 -0.963268 -0.446779 -0.874511 0.436196 -0.212046 -0.111214 0.471949 0.866091 -0.164774 0.043020 0.000000 0.000000 0.000000 1.000000
0.123316 -0.193150 -0.973389 -0.446780 -0.740061 0.635582 -0.219875 -0.111214 0.661137 0.747482 -0.064565 0.043020 0.000000 0.000000 0.000000 1.000000
0.049630 -0.138462 -0.989123 -0.446780 -0.623336 0.769501 -0.138994 -0.111214 0.780377 0.623455 -0.048118 0.043020 0.000000 0.000000 0.000000 1.000000
0.007657 -0.133833 -0.990974 -0.446779 -0.547567 0.828662 -0.116143 -0.111214 0.836727 0.543514 -0.066938 0.043020 0.000000 0.000000 0.000000 1.000000
0.031172 -0.161429 -0.986392 -0.446780 -0.590927 0.792950 -0.148446 -0.111214 0.806123 0.587513 -0.070675 0.043020 0.000000 0.000000 0.000000 1.000000
-0.023153 -0.271602 -0.962131 -0.446779 -0.458346 0.858169 -0.231224 -0.111214 0.888472 0.435636 -0.144357 0.043020 0.000000 0.000000 0.000000 1.000000
0.028789 -0.321142 -0.946593 -0.446780 -0.614243 0.741411 -0.270212 -0.111214 0.788591 0.589218 -0.175915 0.043020 0.000000 0.000000 0.000000 1.000000
0.056010 -0.284379 -0.957074 -0.446779 -0.834724 0.512610 -0.201163 -0.111214 0.547812 0.810160 -0.208667 0.043020 0.000000 0.000000 0.000000 1.000000
0.042840 -0.198280 -0.979209 -0.446780 -0.964525 0.247338 -0.092282 -0.111214 0.260493 0.948424 -0.180650 0.043020 0.000000 0.000000 0.000000 1.000000
-0.005836 -0.178386 -0.983943 -0.446779 -0.999778 0.020957 0.002130 -0.111214 0.020241 0.983737 -0.178468 0.043020 0.000000 0.000000 0.000000 1.000000
-0.081974 -0.228782 -0.970020 -0.446780 -0.996561 0.006987 0.082569 -0.111214 -0.012113 0.973452 -0.228568 0.043020 0.000000 0.000000 0.000000 1.000000
-0.037095 -0.235111 -0.971260 -0.446780 -0.968481 -0.231102 0.092931 -0.111214 -0.246309 0.944095 -0.219128 0.043020 0.000000 0.000000 0.000000 1.000000
-0.018200 -0.207069 -0.978157 -0.446780 -0.895786 -0.431180 0.107945 -0.111214 -0.444113 0.878184 -0.177642 0.043020 0.000000 0.000000 0.000000 1.000000
0.002136 -0.182851 -0.983138 -0.446779 -0.793258 -0.598928 0.109669 -0.111214 -0.608882 0.779648 -0.146327 0.043020 0.000000 0.000000 0.000000 1.000000</float_array><technique_common><accessor source="#jnt_right_upleg-Matrix-animation-output-transform-array" count="19" stride="16"><param type="float4x4"/></accessor></technique_common></source><source id="jnt_right_upleg-Interpolations"><Name_array id="jnt_right_upleg-Interpolations-array" count="19">
 LINEAR LINEAR LINEAR LINEAR LINEAR LINEAR LINEAR LINEAR LINEAR LINEAR LINEAR
LINEAR LINEAR LINEAR LINEAR LINEAR LINEAR LINEAR LINEAR</Name_array><technique_common><accessor source="#jnt_right_upleg-Interpolations-array" count="19"><param type="name"/></accessor></technique_common></source><sampler id="jnt_right_upleg-Matrix-animation-transform"><input semantic="INPUT" source="#jnt_right_upleg-Matrix-animation-input"/><input semantic="OUTPUT" source="#jnt_right_upleg-Matrix-animation-output-transform"/><input semantic="INTERPOLATION" source="#jnt_right_upleg-Interpolations"/></sampler><channel source="#jnt_right_upleg-Matrix-animation-transform" target="jnt_right_upleg/matrix"/></animation></animation>
    <animation id="jnt_right_uplegroll-anim" name="jnt_right_uplegroll"><animation><source id="jnt_right_uplegroll-Matrix-animation-input"><float_array id="jnt_right_uplegroll-Matrix-animation-input-array" count="19">

0.000000 0.033333 0.066667 0.100000 0.133333 0.166667 0.200000 0.233333 0.266667 0.300000 0.333333 0.366667 0.400000 0.433333 0.466667 0.500000
0.533333 0.566667 0.600000</float_array><technique_common><accessor source="#jnt_right_uplegroll-Matrix-animation-input-array" count="19"><param name="TIME" type="float"/></accessor></technique_common></source><source id="jnt_right_uplegroll-Matrix-animation-output-transform"><float_array id="jnt_right_uplegroll-Matrix-animation-output-transform-array" count="304">

1.000000 0.000000 -0.000000 0.430000 0.000000 1.000000 0.000000 0.000000 -0.000000 0.000000 1.000000 0.000000 0.000000 0.000000 0.000000 1.000000
1.000000 0.000000 -0.000000 0.430000 -0.000000 1.000000 0.000000 0.000000 0.000000 0.000000 1.000000 0.000000 0.000000 0.000000 0.000000 1.000000
1.000000 -0.000000 0.000000 0.430000 0.000000 1.000000 0.000000 -0.000000 -0.000000 0.000000 1.000000 0.000000 0.000000 0.000000 0.000000 1.000000
1.000000 -0.000000 -0.000000 0.430000 0.000000 1.000000 0.000000 0.000000 -0.000000 -0.000000 1.000000 0.000000 0.000000 0.000000 0.000000 1.000000
1.000000 0.000000 0.000000 0.430000 -0.000000 1.000000 0.000000 0.000000 0.000000 0.000000 1.000000 0.000000 0.000000 0.000000 0.000000 1.000000
1.000000 0.000000 0.000000 0.430000 0.000000 1.000000 0.000000 0.000000 0.000000 0.000000 1.000000 -0.000000 0.000000 0.000000 0.000000 1.000000
1.000000 -0.000000 0.000000 0.430000 0.000000 1.000000 -0.000000 -0.000000 -0.000000 -0.000000 1.000000 0.000000 0.000000 0.000000 0.000000 1.000000
1.000000 0.000000 -0.000000 0.430000 0.000000 1.000000 -0.000000 0.000000 -0.000000 -0.000000 1.000000 0.000000 0.000000 0.000000 0.000000 1.000000
1.000000 0.000000 -0.000000 0.430000 0.000000 1.000000 -0.000000 0.000000 -0.000000 -0.000000 1.000000 0.000000 0.000000 0.000000 0.000000 1.000000
1.000000 -0.000000 0.000000 0.430000 0.000000 1.000000 -0.000000 -0.000000 0.000000 -0.000000 1.000000 0.000000 0.000000 0.000000 0.000000 1.000000
1.000000 -0.000000 0.000000 0.430000 -0.000000 1.000000 0.000000 -0.000000 -0.000000 0.000000 1.000000 0.000000 0.000000 0.000000 0.000000 1.000000
1.000000 0.000000 0.000000 0.430000 0.000000 1.000000 0.000000 0.000000 0.000000 0.000000 1.000000 0.000000 0.000000 0.000000 0.000000 1.000000
1.000000 0.000000 0.000000 0.430000 0.000000 1.000000 0.000000 0.000000 -0.000000 -0.000000 1.000000 -0.000000 0.000000 0.000000 0.000000 1.000000
1.000000 -0.000000 0.000000 0.430000 -0.000000 1.000000 0.000000 -0.000000 0.000000 -0.000000 1.000000 -0.000000 0.000000 0.000000 0.000000 1.000000
1.000000 0.000000 0.000000 0.430001 0.000000 1.000000 0.000000 0.000000 0.000000 -0.000000 1.000000 0.000000 0.000000 0.000000 0.000000 1.000000
1.000000 0.000000 -0.000000 0.430000 0.000000 1.000000 -0.000000 0.000000 0.000000 0.000000 1.000000 0.000000 0.000000 0.000000 0.000000 1.000000
1.000000 0.000000 0.000000 0.430000 0.000000 1.000000 -0.000000 -0.000000 0.000000 -0.000000 1.000000 0.000000 0.000000 0.000000 0.000000 1.000000
1.000000 0.000000 -0.000000 0.430000 -0.000000 1.000000 0.000000 -0.000000 0.000000 0.000000 1.000000 0.000000 0.000000 0.000000 0.000000 1.000000
1.000000 0.000000 -0.000000 0.430000 0.000000 1.000000 0.000000 0.000000 -0.000000 0.000000 1.000000 0.000000 0.000000 0.000000 0.000000 1.000000</float_array><technique_common><accessor source="#jnt_right_uplegroll-Matrix-animation-output-transform-array" count="19" stride="16"><param type="float4x4"/></accessor></technique_common></source><source id="jnt_right_uplegroll-Interpolations"><Name_array id="jnt_right_uplegroll-Interpolations-array" count="19">
 LINEAR LINEAR LINEAR LINEAR LINEAR LINEAR LINEAR LINEAR LINEAR LINEAR LINEAR
LINEAR LINEAR LINEAR LINEAR LINEAR LINEAR LINEAR LINEAR</Name_array><technique_common><accessor source="#jnt_right_uplegroll-Interpolations-array" count="19"><param type="name"/></accessor></technique_common></source><sampler id="jnt_right_uplegroll-Matrix-animation-transform"><input semantic="INPUT" source="#jnt_right_uplegroll-Matrix-animation-input"/><input semantic="OUTPUT" source="#jnt_right_uplegroll-Matrix-animation-output-transform"/><input semantic="INTERPOLATION" source="#jnt_right_uplegroll-Interpolations"/></sampler><channel source="#jnt_right_uplegroll-Matrix-animation-transform" target="jnt_right_uplegroll/matrix"/></animation></animation>
    <animation id="jnt_right_leg-anim" name="jnt_right_leg"><animation><source id="jnt_right_leg-Matrix-animation-input"><float_array id="jnt_right_leg-Matrix-animation-input-array" count="19">

0.000000 0.033333 0.066667 0.100000 0.133333 0.166667 0.200000 0.233333 0.266667 0.300000 0.333333 0.366667 0.400000 0.433333 0.466667 0.500000
0.533333 0.566667 0.600000</float_array><technique_common><accessor source="#jnt_right_leg-Matrix-animation-input-array" count="19"><param name="TIME" type="float"/></accessor></technique_common></source><source id="jnt_right_leg-Matrix-animation-output-transform"><float_array id="jnt_right_leg-Matrix-animation-output-transform-array" count="304">

0.696745 0.717187 -0.013785 0.860324 -0.717274 0.696788 -0.002162 0.000000 0.008055 0.011394 0.999903 0.000000 0.000000 0.000000 0.000000 1.000000
0.388811 0.921312 -0.003136 0.860324 -0.920639 0.388653 0.037045 -0.000000 0.035349 -0.011516 0.999309 0.000000 0.000000 0.000000 0.000000 1.000000
-0.032582 0.999452 0.005855 0.860324 -0.995036 -0.032988 0.093889 0.000000 0.094030 -0.002767 0.995565 -0.000000 0.000000 0.000000 0.000000 1.000000
-0.128703 0.990531 -0.047783 0.860324 -0.964543 -0.113840 0.238113 0.000000 0.230419 0.076735 0.970061 0.000000 0.000000 0.000000 0.000000 1.000000
0.054245 0.998287 0.021929 0.860324 -0.983514 0.049622 0.173890 0.000000 0.172504 -0.031000 0.984521 0.000000 0.000000 0.000000 0.000000 1.000000
0.435195 0.899625 0.035777 0.860324 -0.897740 0.430581 0.093071 0.000000 0.068324 -0.072623 0.995016 0.000000 0.000000 0.000000 0.000000 1.000000
0.563521 0.825996 0.013222 0.860324 -0.826101 0.563420 0.010731 0.000000 0.001414 -0.016970 0.999855 0.000000 0.000000 0.000000 0.000000 1.000000
0.761294 0.648222 0.015454 0.860324 -0.646796 0.760866 -0.052320 0.000000 -0.045674 0.029835 0.998511 0.000000 0.000000 0.000000 0.000000 1.000000
0.895612 0.443474 -0.034790 0.860324 -0.444662 0.894712 -0.042035 0.000000 0.012485 0.053116 0.998510 -0.000000 0.000000 0.000000 0.000000 1.000000
0.916605 0.398755 -0.028810 0.860325 -0.399557 0.916160 -0.031691 0.000000 0.013757 0.040559 0.999082 0.000000 0.000000 0.000000 0.000000 1.000000
0.444129 0.895944 0.005805 0.860324 -0.895506 0.444100 -0.029044 0.000000 -0.028599 0.007701 0.999561 0.000000 0.000000 0.000000 0.000000 1.000000
0.300284 0.953500 0.025835 0.860324 -0.953585 0.299452 0.031670 0.000000 0.022461 -0.034146 0.999164 0.000000 0.000000 0.000000 0.000000 1.000000
0.503690 0.860418 0.077320 0.860324 -0.863815 0.500490 0.057741 0.000000 0.010983 -0.095874 0.995333 -0.000000 0.000000 0.000000 0.000000 1.000000
0.778123 0.627030 0.036844 0.860324 -0.627942 0.777937 0.022419 0.000000 -0.014605 -0.040580 0.999070 -0.000000 0.000000 0.000000 0.000000 1.000000
0.912425 0.409109 -0.010467 0.860325 -0.409053 0.910925 -0.053760 0.000000 -0.012459 0.053333 0.998499 0.000000 0.000000 0.000000 0.000000 1.000000
0.740074 0.669539 -0.063307 0.860324 -0.672520 0.737156 -0.065709 0.000000 0.002673 0.091205 0.995829 0.000000 0.000000 0.000000 0.000000 1.000000
0.777129 0.626042 -0.064361 0.860324 -0.629162 0.775276 -0.055702 -0.000000 0.015025 0.083781 0.996371 0.000000 0.000000 0.000000 0.000000 1.000000
0.672046 0.739243 -0.043291 0.860324 -0.740393 0.671825 -0.021645 -0.000000 0.013083 0.046599 0.998828 0.000000 0.000000 0.000000 0.000000 1.000000
0.696745 0.717187 -0.013785 0.860324 -0.717274 0.696788 -0.002162 0.000000 0.008055 0.011394 0.999903 0.000000 0.000000 0.000000 0.000000 1.000000</float_array><technique_common><accessor source="#jnt_right_leg-Matrix-animation-output-transform-array" count="19" stride="16"><param type="float4x4"/></accessor></technique_common></source><source id="jnt_right_leg-Interpolations"><Name_array id="jnt_right_leg-Interpolations-array" count="19">
 LINEAR LINEAR LINEAR LINEAR LINEAR LINEAR LINEAR LINEAR LINEAR LINEAR LINEAR
LINEAR LINEAR LINEAR LINEAR LINEAR LINEAR LINEAR LINEAR</Name_array><technique_common><accessor source="#jnt_right_leg-Interpolations-array" count="19"><param type="name"/></accessor></technique_common></source><sampler id="jnt_right_leg-Matrix-animation-transform"><input semantic="INPUT" source="#jnt_right_leg-Matrix-animation-input"/><input semantic="OUTPUT" source="#jnt_right_leg-Matrix-animation-output-transform"/><input semantic="INTERPOLATION" source="#jnt_right_leg-Interpolations"/></sampler><channel source="#jnt_right_leg-Matrix-animation-transform" target="jnt_right_leg/matrix"/></animation></animation>
    <animation id="jnt_right_legroll-anim" name="jnt_right_legroll"><animation><source id="jnt_right_legroll-Matrix-animation-input"><float_array id="jnt_right_legroll-Matrix-animation-input-array" count="19">

0.000000 0.033333 0.066667 0.100000 0.133333 0.166667 0.200000 0.233333 0.266667 0.300000 0.333333 0.366667 0.400000 0.433333 0.466667 0.500000
0.533333 0.566667 0.600000</float_array><technique_common><accessor source="#jnt_right_legroll-Matrix-animation-input-array" count="19"><param name="TIME" type="float"/></accessor></technique_common></source><source id="jnt_right_legroll-Matrix-animation-output-transform"><float_array id="jnt_right_legroll-Matrix-animation-output-transform-array" count="304">

1.000000 0.000000 -0.000000 0.384000 -0.000000 1.000000 -0.000000 -0.000000 -0.000000 0.000000 1.000000 0.000000 0.000000 0.000000 0.000000 1.000000
1.000000 0.000000 0.000000 0.384000 -0.000000 1.000000 -0.000000 -0.000000 0.000000 0.000000 1.000000 0.000000 0.000000 0.000000 0.000000 1.000000
1.000000 -0.000000 -0.000000 0.384000 -0.000000 1.000000 0.000000 -0.000000 -0.000000 0.000000 1.000000 0.000000 0.000000 0.000000 0.000000 1.000000
1.000000 -0.000000 -0.000000 0.384000 0.000000 1.000000 -0.000000 0.000000 0.000000 -0.000000 1.000000 0.000000 0.000000 0.000000 0.000000 1.000000
1.000000 0.000000 -0.000000 0.384000 0.000000 1.000000 0.000000 -0.000000 0.000000 0.000000 1.000000 0.000000 0.000000 0.000000 0.000000 1.000000
1.000000 0.000000 -0.000000 0.384000 0.000000 1.000000 0.000000 0.000000 0.000000 0.000000 1.000000 -0.000000 0.000000 0.000000 0.000000 1.000000
1.000000 -0.000000 0.000000 0.384000 -0.000000 1.000000 -0.000000 -0.000000 -0.000000 0.000000 1.000000 -0.000000 0.000000 0.000000 0.000000 1.000000
1.000000 -0.000000 -0.000000 0.384000 -0.000000 1.000000 0.000000 0.000000 -0.000000 0.000000 1.000000 -0.000000 0.000000 0.000000 0.000000 1.000000
1.000000 0.000000 0.000000 0.384000 -0.000000 1.000000 0.000000 -0.000000 -0.000000 0.000000 1.000000 0.000000 0.000000 0.000000 0.000000 1.000000
1.000000 -0.000000 -0.000000 0.384000 0.000000 1.000000 0.000000 -0.000000 -0.000000 0.000000 1.000000 0.000000 0.000000 0.000000 0.000000 1.000000
1.000000 -0.000000 0.000000 0.384000 0.000000 1.000000 0.000000 -0.000000 0.000000 0.000000 1.000000 0.000000 0.000000 0.000000 0.000000 1.000000
1.000000 0.000000 0.000000 0.384000 0.000000 1.000000 0.000000 -0.000000 -0.000000 0.000000 1.000000 0.000000 0.000000 0.000000 0.000000 1.000000
1.000000 -0.000000 0.000000 0.384000 0.000000 1.000000 0.000000 -0.000000 -0.000000 -0.000000 1.000000 -0.000000 0.000000 0.000000 0.000000 1.000000
1.000000 0.000000 0.000000 0.384000 -0.000000 1.000000 0.000000 -0.000000 0.000000 0.000000 1.000000 0.000000 0.000000 0.000000 0.000000 1.000000
1.000000 0.000000 -0.000000 0.384000 0.000000 1.000000 0.000000 -0.000000 0.000000 -0.000000 1.000000 0.000000 0.000000 0.000000 0.000000 1.000000
1.000000 0.000000 0.000000 0.384000 0.000000 1.000000 -0.000000 -0.000000 -0.000000 -0.000000 1.000000 0.000000 0.000000 0.000000 0.000000 1.000000
1.000000 0.000000 0.000000 0.384000 -0.000000 1.000000 0.000000 0.000000 0.000000 -0.000000 1.000000 0.000000 0.000000 0.000000 0.000000 1.000000
1.000000 -0.000000 0.000000 0.384000 -0.000000 1.000000 0.000000 -0.000000 0.000000 -0.000000 1.000000 0.000000 0.000000 0.000000 0.000000 1.000000
1.000000 0.000000 -0.000000 0.384000 -0.000000 1.000000 -0.000000 -0.000000 -0.000000 0.000000 1.000000 0.000000 0.000000 0.000000 0.000000 1.000000</float_array><technique_common><accessor source="#jnt_right_legroll-Matrix-animation-output-transform-array" count="19" stride="16"><param type="float4x4"/></accessor></technique_common></source><source id="jnt_right_legroll-Interpolations"><Name_array id="jnt_right_legroll-Interpolations-array" count="19">
 LINEAR LINEAR LINEAR LINEAR LINEAR LINEAR LINEAR LINEAR LINEAR LINEAR LINEAR
LINEAR LINEAR LINEAR LINEAR LINEAR LINEAR LINEAR LINEAR</Name_array><technique_common><accessor source="#jnt_right_legroll-Interpolations-array" count="19"><param type="name"/></accessor></technique_common></source><sampler id="jnt_right_legroll-Matrix-animation-transform"><input semantic="INPUT" source="#jnt_right_legroll-Matrix-animation-input"/><input semantic="OUTPUT" source="#jnt_right_legroll-Matrix-animation-output-transform"/><input semantic="INTERPOLATION" source="#jnt_right_legroll-Interpolations"/></sampler><channel source="#jnt_right_legroll-Matrix-animation-transform" target="jnt_right_legroll/matrix"/></animation></animation>
    <animation id="jnt_right_foot-anim" name="jnt_right_foot"><animation><source id="jnt_right_foot-Matrix-animation-input"><float_array id="jnt_right_foot-Matrix-animation-input-array" count="19">

0.000000 0.033333 0.066667 0.100000 0.133333 0.166667 0.200000 0.233333 0.266667 0.300000 0.333333 0.366667 0.400000 0.433333 0.466667 0.500000
0.533333 0.566667 0.600000</float_array><technique_common><accessor source="#jnt_right_foot-Matrix-animation-input-array" count="19"><param name="TIME" type="float"/></accessor></technique_common></source><source id="jnt_right_foot-Matrix-animation-output-transform"><float_array id="jnt_right_foot-Matrix-animation-output-transform-array" count="304">

0.361062 -0.932530 -0.004626 0.768144 0.918999 0.356657 -0.168038 -0.000000 0.158351 0.056421 0.985770 0.000000 0.000000 0.000000 0.000000 1.000000
0.410220 -0.911853 -0.015575 0.768145 0.888800 0.403559 -0.217195 -0.000000 0.204336 0.075254 0.976004 0.000000 0.000000 0.000000 0.000000 1.000000
0.456665 -0.887880 -0.055912 0.768144 0.844186 0.452308 -0.287693 -0.000000 0.280726 0.084179 0.956089 0.000000 0.000000 0.000000 0.000000 1.000000
0.586367 -0.802790 -0.108180 0.768145 0.741620 0.585746 -0.326958 0.000000 0.325844 0.111489 0.938827 0.000000 0.000000 0.000000 0.000000 1.000000
0.550218 -0.811556 -0.196562 0.768145 0.750573 0.583831 -0.309487 -0.000000 0.365925 0.022751 0.930366 0.000000 0.000000 0.000000 0.000000 1.000000
0.426933 -0.874597 -0.229802 0.768145 0.838302 0.478079 -0.262088 0.000000 0.339084 -0.080749 0.937284 -0.000000 0.000000 0.000000 0.000000 1.000000
0.210637 -0.959803 -0.185502 0.768145 0.941487 0.250253 -0.225776 0.000000 0.263123 -0.127091 0.956355 0.000000 0.000000 0.000000 0.000000 1.000000
0.133822 -0.984915 -0.109703 0.768145 0.971358 0.152296 -0.182399 0.000000 0.196355 -0.082152 0.977085 0.000000 0.000000 0.000000 0.000000 1.000000
0.127213 -0.990956 -0.042703 0.768145 0.984371 0.131419 -0.117227 0.000000 0.121778 -0.027123 0.992187 0.000000 0.000000 0.000000 0.000000 1.000000
0.259111 -0.962703 -0.077874 0.768145 0.960191 0.265469 -0.086947 0.000000 0.104378 -0.052245 0.993165 0.000000 0.000000 0.000000 0.000000 1.000000
0.174892 -0.959959 -0.218839 0.768144 0.982313 0.185224 -0.027457 -0.000000 0.066891 -0.210167 0.975375 0.000000 0.000000 0.000000 0.000000 1.000000
-0.014630 -0.976406 -0.215445 0.768144 0.993583 0.009972 -0.112663 -0.000000 0.112154 -0.215711 0.969995 0.000000 0.000000 0.000000 0.000000 1.000000
-0.125801 -0.984703 -0.120553 0.768145 0.988495 -0.114134 -0.099257 -0.000000 0.083979 -0.131653 0.987732 -0.000000 0.000000 0.000000 0.000000 1.000000
0.107453 -0.993895 -0.025014 0.768145 0.993988 0.107927 -0.018438 -0.000000 0.021025 -0.022883 0.999517 0.000000 0.000000 0.000000 0.000000 1.000000
0.549791 -0.834417 0.038443 0.768145 0.831682 0.551109 0.067709 -0.000000 -0.077684 -0.005254 0.996964 -0.000000 0.000000 0.000000 0.000000 1.000000
0.659188 -0.737653 0.146075 0.768144 0.732802 0.673731 0.095333 0.000000 -0.168738 0.044202 0.984669 0.000000 0.000000 0.000000 0.000000 1.000000
0.635835 -0.733829 0.239181 0.768144 0.766477 0.636761 -0.083949 0.000000 -0.090697 0.236705 0.967339 0.000000 0.000000 0.000000 0.000000 1.000000
0.438064 -0.890246 0.124746 0.768144 0.897364 0.424841 -0.119364 -0.000000 0.053266 0.164232 0.984983 0.000000 0.000000 0.000000 0.000000 1.000000
0.361062 -0.932530 -0.004626 0.768144 0.918999 0.356657 -0.168038 -0.000000 0.158351 0.056421 0.985770 0.000000 0.000000 0.000000 0.000000 1.000000</float_array><technique_common><accessor source="#jnt_right_foot-Matrix-animation-output-transform-array" count="19" stride="16"><param type="float4x4"/></accessor></technique_common></source><source id="jnt_right_foot-Interpolations"><Name_array id="jnt_right_foot-Interpolations-array" count="19">
 LINEAR LINEAR LINEAR LINEAR LINEAR LINEAR LINEAR LINEAR LINEAR LINEAR LINEAR
LINEAR LINEAR LINEAR LINEAR LINEAR LINEAR LINEAR LINEAR</Name_array><technique_common><accessor source="#jnt_right_foot-Interpolations-array" count="19"><param type="name"/></accessor></technique_common></source><sampler id="jnt_right_foot-Matrix-animation-transform"><input semantic="INPUT" source="#jnt_right_foot-Matrix-animation-input"/><input semantic="OUTPUT" source="#jnt_right_foot-Matrix-animation-output-transform"/><input semantic="INTERPOLATION" source="#jnt_right_foot-Interpolations"/></sampler><channel source="#jnt_right_foot-Matrix-animation-transform" target="jnt_right_foot/matrix"/></animation></animation>
    <animation id="jnt_right_toebase-anim" name="jnt_right_toebase"><animation><source id="jnt_right_toebase-Matrix-animation-input"><float_array id="jnt_right_toebase-Matrix-animation-input-array" count="19">

0.000000 0.033333 0.066667 0.100000 0.133333 0.166667 0.200000 0.233333 0.266667 0.300000 0.333333 0.366667 0.400000 0.433333 0.466667 0.500000
0.533333 0.566667 0.600000</float_array><technique_common><accessor source="#jnt_right_toebase-Matrix-animation-input-array" count="19"><param name="TIME" type="float"/></accessor></technique_common></source><source id="jnt_right_toebase-Matrix-animation-output-transform"><float_array id="jnt_right_toebase-Matrix-animation-output-transform-array" count="304">

0.904769 -0.425878 -0.004575 0.441847 0.425836 0.904765 -0.008015 0.000000 0.007552 0.005303 0.999957 0.000000 0.000000 0.000000 0.000000 1.000000
0.945367 -0.322653 -0.046644 0.441847 0.323296 0.946274 0.006774 0.000000 0.041953 -0.021484 0.998889 0.000000 0.000000 0.000000 0.000000 1.000000
0.972961 -0.214260 -0.086257 0.441847 0.217510 0.975593 0.030120 0.000000 0.077698 -0.048067 0.995818 0.000000 0.000000 0.000000 0.000000 1.000000
0.894555 -0.446893 -0.007582 0.441847 0.446774 0.894546 -0.013400 -0.000000 0.012771 0.008600 0.999881 0.000000 0.000000 0.000000 0.000000 1.000000
0.889678 -0.456501 -0.008904 0.441847 0.456335 0.889665 -0.015943 -0.000000 0.015199 0.010121 0.999833 0.000000 0.000000 0.000000 0.000000 1.000000
0.887134 -0.461413 -0.009566 0.441847 0.461219 0.887118 -0.017263 -0.000000 0.016452 0.010903 0.999805 -0.000000 0.000000 0.000000 0.000000 1.000000
0.884584 -0.466269 -0.010212 0.441847 0.466045 0.884566 -0.018580 0.000000 0.017697 0.011677 0.999775 -0.000000 0.000000 0.000000 0.000000 1.000000
0.879055 -0.476579 -0.011558 0.441847 0.476284 0.879030 -0.021414 -0.000000 0.020366 0.013319 0.999704 0.000000 0.000000 0.000000 0.000000 1.000000
0.863936 -0.503377 -0.015010 0.441847 0.502851 0.863893 -0.028814 -0.000000 0.027471 0.017345 0.999472 0.000000 0.000000 0.000000 0.000000 1.000000
0.646026 -0.763287 0.006614 0.441847 0.762056 0.644438 -0.063003 -0.000000 0.043826 0.045742 0.997991 0.000000 0.000000 0.000000 0.000000 1.000000
0.676804 -0.736013 0.014884 0.441847 0.735676 0.675483 -0.050028 -0.000000 0.026767 0.044809 0.998637 0.000000 0.000000 0.000000 0.000000 1.000000
0.868096 -0.496196 -0.014091 0.441847 0.495739 0.868057 -0.026827 -0.000000 0.025543 0.016303 0.999541 0.000000 0.000000 0.000000 0.000000 1.000000
0.843319 -0.537080 -0.018943 0.441847 0.536151 0.843229 -0.038805 0.000000 0.036815 0.022568 0.999067 0.000000 0.000000 0.000000 0.000000 1.000000
0.773849 -0.632701 -0.029105 0.441846 0.629971 0.773637 -0.067982 -0.000000 0.065529 0.034273 0.997262 0.000000 0.000000 0.000000 0.000000 1.000000
0.599776 -0.799270 -0.037883 0.441847 0.789991 0.599011 -0.130763 -0.000000 0.127208 0.048501 0.990690 -0.000000 0.000000 0.000000 0.000000 1.000000
0.707371 -0.705953 -0.035450 0.441847 0.701167 0.707151 -0.091117 0.000000 0.089393 0.039597 0.995209 -0.000000 0.000000 0.000000 0.000000 1.000000
0.889566 -0.456715 -0.009168 0.441847 0.456553 0.889561 -0.015496 0.000000 0.015233 0.009599 0.999838 -0.000000 0.000000 0.000000 0.000000 1.000000
0.902927 -0.429762 -0.005170 0.441847 0.429709 0.902923 -0.008928 0.000000 0.008505 0.005840 0.999947 0.000000 0.000000 0.000000 0.000000 1.000000
0.904769 -0.425878 -0.004575 0.441847 0.425836 0.904765 -0.008015 0.000000 0.007552 0.005303 0.999957 0.000000 0.000000 0.000000 0.000000 1.000000</float_array><technique_common><accessor source="#jnt_right_toebase-Matrix-animation-output-transform-array" count="19" stride="16"><param type="float4x4"/></accessor></technique_common></source><source id="jnt_right_toebase-Interpolations"><Name_array id="jnt_right_toebase-Interpolations-array" count="19">
 LINEAR LINEAR LINEAR LINEAR LINEAR LINEAR LINEAR LINEAR LINEAR LINEAR LINEAR
LINEAR LINEAR LINEAR LINEAR LINEAR LINEAR LINEAR LINEAR</Name_array><technique_common><accessor source="#jnt_right_toebase-Interpolations-array" count="19"><param type="name"/></accessor></technique_common></source><sampler id="jnt_right_toebase-Matrix-animation-transform"><input semantic="INPUT" source="#jnt_right_toebase-Matrix-animation-input"/><input semantic="OUTPUT" source="#jnt_right_toebase-Matrix-animation-output-transform"/><input semantic="INTERPOLATION" source="#jnt_right_toebase-Interpolations"/></sampler><channel source="#jnt_right_toebase-Matrix-animation-transform" target="jnt_right_toebase/matrix"/></animation></animation>
    <animation id="jnt_right_toeend-anim" name="jnt_right_toeend"><animation><source id="jnt_right_toeend-Matrix-animation-input"><float_array id="jnt_right_toeend-Matrix-animation-input-array" count="19">

0.000000 0.033333 0.066667 0.100000 0.133333 0.166667 0.200000 0.233333 0.266667 0.300000 0.333333 0.366667 0.400000 0.433333 0.466667 0.500000
0.533333 0.566667 0.600000</float_array><technique_common><accessor source="#jnt_right_toeend-Matrix-animation-input-array" count="19"><param name="TIME" type="float"/></accessor></technique_common></source><source id="jnt_right_toeend-Matrix-animation-output-transform"><float_array id="jnt_right_toeend-Matrix-animation-output-transform-array" count="304">

1.000000 0.000000 0.000000 0.379397 -0.000000 1.000000 0.000000 0.000000 0.000000 0.000000 1.000000 0.000000 0.000000 0.000000 0.000000 1.000000
1.000000 -0.000000 -0.000000 0.379397 0.000000 1.000000 0.000000 0.000000 -0.000000 -0.000000 1.000000 -0.000000 0.000000 0.000000 0.000000 1.000000
1.000000 0.000000 -0.000000 0.379397 0.000000 1.000000 0.000000 0.000000 0.000000 -0.000000 1.000000 0.000000 0.000000 0.000000 0.000000 1.000000
1.000000 -0.000000 0.000000 0.379397 0.000000 1.000000 -0.000000 0.000000 0.000000 -0.000000 1.000000 0.000000 0.000000 0.000000 0.000000 1.000000
1.000000 0.000000 0.000000 0.379397 0.000000 1.000000 -0.000000 0.000000 -0.000000 0.000000 1.000000 0.000000 0.000000 0.000000 0.000000 1.000000
1.000000 -0.000000 0.000000 0.379397 0.000000 1.000000 -0.000000 0.000000 -0.000000 0.000000 1.000000 -0.000000 0.000000 0.000000 0.000000 1.000000
1.000000 -0.000000 0.000000 0.379397 0.000000 1.000000 -0.000000 0.000000 0.000000 0.000000 1.000000 -0.000000 0.000000 0.000000 0.000000 1.000000
1.000000 0.000000 0.000000 0.379397 0.000000 1.000000 0.000000 0.000000 0.000000 0.000000 1.000000 0.000000 0.000000 0.000000 0.000000 1.000000
1.000000 -0.000000 -0.000000 0.379397 0.000000 1.000000 0.000000 0.000000 -0.000000 0.000000 1.000000 -0.000000 0.000000 0.000000 0.000000 1.000000
1.000000 0.000000 0.000000 0.379397 -0.000000 1.000000 0.000000 0.000000 -0.000000 0.000000 1.000000 -0.000000 0.000000 0.000000 0.000000 1.000000
1.000000 0.000000 -0.000000 0.379397 0.000000 1.000000 -0.000000 0.000000 0.000000 0.000000 1.000000 -0.000000 0.000000 0.000000 0.000000 1.000000
1.000000 -0.000000 0.000000 0.379397 -0.000000 1.000000 0.000000 0.000000 0.000000 0.000000 1.000000 -0.000000 0.000000 0.000000 0.000000 1.000000
1.000000 0.000000 0.000000 0.379397 0.000000 1.000000 0.000000 0.000000 0.000000 -0.000000 1.000000 -0.000000 0.000000 0.000000 0.000000 1.000000
1.000000 -0.000000 0.000000 0.379397 0.000000 1.000000 -0.000000 0.000000 -0.000000 -0.000000 1.000000 -0.000000 0.000000 0.000000 0.000000 1.000000
1.000000 -0.000000 -0.000000 0.379397 -0.000000 1.000000 0.000000 0.000000 -0.000000 0.000000 1.000000 -0.000000 0.000000 0.000000 0.000000 1.000000
1.000000 0.000000 0.000000 0.379397 0.000000 1.000000 -0.000000 0.000000 0.000000 0.000000 1.000000 -0.000000 0.000000 0.000000 0.000000 1.000000
1.000000 -0.000000 -0.000000 0.379397 -0.000000 1.000000 0.000000 0.000000 0.000000 -0.000000 1.000000 -0.000000 0.000000 0.000000 0.000000 1.000000
1.000000 0.000000 -0.000000 0.379397 -0.000000 1.000000 -0.000000 0.000000 0.000000 -0.000000 1.000000 -0.000000 0.000000 0.000000 0.000000 1.000000
1.000000 0.000000 0.000000 0.379397 -0.000000 1.000000 0.000000 0.000000 0.000000 0.000000 1.000000 0.000000 0.000000 0.000000 0.000000 1.000000</float_array><technique_common><accessor source="#jnt_right_toeend-Matrix-animation-output-transform-array" count="19" stride="16"><param type="float4x4"/></accessor></technique_common></source><source id="jnt_right_toeend-Interpolations"><Name_array id="jnt_right_toeend-Interpolations-array" count="19">
 LINEAR LINEAR LINEAR LINEAR LINEAR LINEAR LINEAR LINEAR LINEAR LINEAR LINEAR
LINEAR LINEAR LINEAR LINEAR LINEAR LINEAR LINEAR LINEAR</Name_array><technique_common><accessor source="#jnt_right_toeend-Interpolations-array" count="19"><param type="name"/></accessor></technique_common></source><sampler id="jnt_right_toeend-Matrix-animation-transform"><input semantic="INPUT" source="#jnt_right_toeend-Matrix-animation-input"/><input semantic="OUTPUT" source="#jnt_right_toeend-Matrix-animation-output-transform"/><input semantic="INTERPOLATION" source="#jnt_right_toeend-Interpolations"/></sampler><channel source="#jnt_right_toeend-Matrix-animation-transform" target="jnt_right_toeend/matrix"/></animation></animation>
    <animation id="jnt_left_upleg-anim" name="jnt_left_upleg"><animation><source id="jnt_left_upleg-Matrix-animation-input"><float_array id="jnt_left_upleg-Matrix-animation-input-array" count="19">

0.000000 0.033333 0.066667 0.100000 0.133333 0.166667 0.200000 0.233333 0.266667 0.300000 0.333333 0.366667 0.400000 0.433333 0.466667 0.500000
0.533333 0.566667 0.600000</float_array><technique_common><accessor source="#jnt_left_upleg-Matrix-animation-input-array" count="19"><param name="TIME" type="float"/></accessor></technique_common></source><source id="jnt_left_upleg-Matrix-animation-output-transform"><float_array id="jnt_left_upleg-Matrix-animation-output-transform-array" count="304">

-0.060299 0.131385 -0.989496 0.446779 -0.609230 0.780403 0.140747 -0.111213 0.790698 0.611317 0.032986 0.043020 0.000000 0.000000 0.000000 1.000000
-0.058350 0.226570 -0.972246 0.446779 -0.520061 0.824415 0.223331 -0.111213 0.852134 0.518659 0.069726 0.043020 0.000000 0.000000 0.000000 1.000000
-0.060615 0.298892 -0.952360 0.446780 -0.592931 0.756753 0.275241 -0.111213 0.802969 0.581367 0.131352 0.043020 0.000000 0.000000 0.000000 1.000000
-0.055345 0.250269 -0.966593 0.446779 -0.817567 0.544363 0.187758 -0.111213 0.573167 0.800646 0.174485 0.043020 0.000000 0.000000 0.000000 1.000000
-0.033319 0.172522 -0.984442 0.446779 -0.967933 0.239817 0.074788 -0.111213 0.248988 0.955366 0.159000 0.043020 0.000000 0.000000 0.000000 1.000000
0.006878 0.139536 -0.990193 0.446779 -0.997238 -0.072272 -0.017111 -0.111213 -0.073951 0.987576 0.138654 0.043020 0.000000 0.000000 0.000000 1.000000
0.072558 0.152346 -0.985660 0.446779 -0.990673 -0.103273 -0.088890 -0.111213 -0.115334 0.982917 0.143432 0.043020 0.000000 0.000000 0.000000 1.000000
0.066235 0.159658 -0.984948 0.446779 -0.992164 -0.094270 -0.082001 -0.111213 -0.105943 0.982661 0.152163 0.043020 0.000000 0.000000 0.000000 1.000000
0.026619 0.180108 -0.983287 0.446779 -0.996488 -0.073343 -0.040410 -0.111213 -0.079396 0.980909 0.177523 0.043020 0.000000 0.000000 0.000000 1.000000
0.051137 0.261567 -0.963830 0.446779 -0.997227 -0.038874 -0.063458 -0.111213 -0.054066 0.964402 0.258854 0.043020 0.000000 0.000000 0.000000 1.000000
0.118738 0.415647 -0.901742 0.446779 -0.990589 -0.012674 -0.136279 -0.111213 -0.068073 0.909438 0.410231 0.043020 0.000000 0.000000 0.000000 1.000000
0.152175 0.491539 -0.857457 0.446779 -0.987910 0.101627 -0.117069 -0.111213 0.029597 0.864905 0.501062 0.043020 0.000000 0.000000 0.000000 1.000000
0.056747 0.527008 -0.847964 0.446779 -0.952126 0.284111 0.112857 -0.111213 0.300393 0.800964 0.517900 0.043020 0.000000 0.000000 0.000000 1.000000
-0.027090 0.492034 -0.870155 0.446779 -0.868798 0.418953 0.263947 -0.111213 0.494425 0.763139 0.416128 0.043020 0.000000 0.000000 0.000000 1.000000
-0.091696 0.428138 -0.899049 0.446779 -0.821001 0.478418 0.311564 -0.111213 0.563514 0.766690 0.307633 0.043020 0.000000 0.000000 0.000000 1.000000
-0.124782 0.329961 -0.935711 0.446779 -0.739450 0.597880 0.309441 -0.111213 0.661547 0.730524 0.169385 0.043020 0.000000 0.000000 0.000000 1.000000
-0.093473 0.170430 -0.980926 0.446779 -0.768253 0.614334 0.179944 -0.111213 0.633285 0.770420 0.073510 0.043020 0.000000 0.000000 0.000000 1.000000
