<?xml version="1.0" encoding="utf-8"?>
<COLLADA xmlns="http://www.collada.org/2005/11/COLLADASchema" version="1.4.1">
  <asset><contributor><author></author><authoring_tool>FBX COLLADA exporter</authoring_tool><comments></comments></contributor><created>2018-04-13T10:57:30Z</created><keywords></keywords><modified>2018-04-13T10:57:30Z</modified><revision></revision><subject></subject><title></title><unit meter="0.010000" name="centimeter"></unit><up_axis>Y_UP</up_axis></asset>
  <library_animations>
    <animation id="jnt_hips-anim" name="jnt_hips"><animation><source id="jnt_hips-Matrix-animation-input"><float_array id="jnt_hips-Matrix-animation-input-array" count="21">

0.000000 0.033333 0.066667 0.100000 0.133333 0.166667 0.200000 0.233333 0.266667 0.300000 0.333333 0.366667 0.400000 0.433333 0.466667 0.500000
0.533333 0.566667 0.600000 0.633333 0.666667</float_array><technique_common><accessor source="#jnt_hips-Matrix-animation-input-array" count="21"><param name="TIME" type="float"/></accessor></technique_common></source><source id="jnt_hips-Matrix-animation-output-transform"><float_array id="jnt_hips-Matrix-animation-output-transform-array" count="336">

1.000000 0.000000 0.000000 -0.000000 0.000000 1.000000 0.000000 2.061423 0.000000 0.000000 1.000000 -0.094053 0.000000 0.000000 0.000000 1.000000
1.000000 0.000000 0.000000 -0.000000 0.000000 1.000000 0.000000 2.061423 0.000000 0.000000 1.000000 -0.094053 0.000000 0.000000 0.000000 1.000000
1.000000 0.000000 0.000000 -0.000000 0.000000 1.000000 0.000000 2.061423 0.000000 0.000000 1.000000 -0.094053 0.000000 0.000000 0.000000 1.000000
1.000000 0.000000 0.000000 -0.000000 0.000000 1.000000 0.000000 2.061423 0.000000 0.000000 1.000000 -0.094053 0.000000 0.000000 0.000000 1.000000
1.000000 0.000000 0.000000 -0.000000 0.000000 1.000000 0.000000 2.061423 0.000000 0.000000 1.000000 -0.094053 0.000000 0.000000 0.000000 1.000000
1.000000 0.000000 0.000000 -0.000000 0.000000 1.000000 0.000000 2.061423 0.000000 0.000000 1.000000 -0.094053 0.000000 0.000000 0.000000 1.000000
1.000000 0.000000 0.000000 -0.000000 0.000000 1.000000 0.000000 2.061423 0.000000 0.000000 1.000000 -0.094053 0.000000 0.000000 0.000000 1.000000
1.000000 0.000000 0.000000 -0.000000 0.000000 1.000000 0.000000 2.061423 0.000000 0.000000 1.000000 -0.094053 0.000000 0.000000 0.000000 1.000000
1.000000 0.000000 0.000000 -0.000000 0.000000 1.000000 0.000000 2.061423 0.000000 0.000000 1.000000 -0.094053 0.000000 0.000000 0.000000 1.000000
1.000000 0.000000 0.000000 -0.000000 0.000000 1.000000 0.000000 2.061423 0.000000 0.000000 1.000000 -0.094053 0.000000 0.000000 0.000000 1.000000
1.000000 0.000000 0.000000 -0.000000 0.000000 1.000000 0.000000 2.061423 0.000000 0.000000 1.000000 -0.094053 0.000000 0.000000 0.000000 1.000000
1.000000 0.000000 0.000000 -0.000000 0.000000 1.000000 0.000000 2.061423 0.000000 0.000000 1.000000 -0.094053 0.000000 0.000000 0.000000 1.000000
1.000000 0.000000 0.000000 -0.000000 0.000000 1.000000 0.000000 2.061423 0.000000 0.000000 1.000000 -0.094053 0.000000 0.000000 0.000000 1.000000
1.000000 0.000000 0.000000 -0.000000 0.000000 1.000000 0.000000 2.061423 0.000000 0.000000 1.000000 -0.094053 0.000000 0.000000 0.000000 1.000000
1.000000 0.000000 0.000000 -0.000000 0.000000 1.000000 0.000000 2.061423 0.000000 0.000000 1.000000 -0.094053 0.000000 0.000000 0.000000 1.000000
1.000000 0.000000 0.000000 -0.000000 0.000000 1.000000 0.000000 2.061423 0.000000 0.000000 1.000000 -0.094053 0.000000 0.000000 0.000000 1.000000
1.000000 0.000000 0.000000 -0.000000 0.000000 1.000000 0.000000 2.061423 0.000000 0.000000 1.000000 -0.094053 0.000000 0.000000 0.000000 1.000000
1.000000 0.000000 0.000000 -0.000000 0.000000 1.000000 0.000000 2.061423 0.000000 0.000000 1.000000 -0.094053 0.000000 0.000000 0.000000 1.000000
1.000000 0.000000 0.000000 -0.000000 0.000000 1.000000 0.000000 2.061423 0.000000 0.000000 1.000000 -0.094053 0.000000 0.000000 0.000000 1.000000
1.000000 0.000000 0.000000 -0.000000 0.000000 1.000000 0.000000 2.061423 0.000000 0.000000 1.000000 -0.094053 0.000000 0.000000 0.000000 1.000000
1.000000 0.000000 0.000000 -0.000000 0.000000 1.000000 0.000000 2.061423 0.000000 0.000000 1.000000 -0.094053 0.000000 0.000000 0.000000 1.000000</float_array><technique_common><accessor source="#jnt_hips-Matrix-animation-output-transform-array" count="21" stride="16"><param type="float4x4"/></accessor></technique_common></source><source id="jnt_hips-Interpolations"><Name_array id="jnt_hips-Interpolations-array" count="21">
 LINEAR LINEAR LINEAR LINEAR LINEAR LINEAR LINEAR LINEAR LINEAR LINEAR LINEAR
LINEAR LINEAR LINEAR LINEAR LINEAR LINEAR LINEAR LINEAR LINEAR LINEAR</Name_array><technique_common><accessor source="#jnt_hips-Interpolations-array" count="21"><param type="name"/></accessor></technique_common></source><sampler id="jnt_hips-Matrix-animation-transform"><input semantic="INPUT" source="#jnt_hips-Matrix-animation-input"/><input semantic="OUTPUT" source="#jnt_hips-Matrix-animation-output-transform"/><input semantic="INTERPOLATION" source="#jnt_hips-Interpolations"/></sampler><channel source="#jnt_hips-Matrix-animation-transform" target="jnt_hips/matrix"/></animation></animation>
    <animation id="jnt_spine1-anim" name="jnt_spine1"><animation><source id="jnt_spine1-Matrix-animation-input"><float_array id="jnt_spine1-Matrix-animation-input-array" count="21">

0.000000 0.033333 0.066667 0.100000 0.133333 0.166667 0.200000 0.233333 0.266667 0.300000 0.333333 0.366667 0.400000 0.433333 0.466667 0.500000
0.533333 0.566667 0.600000 0.633333 0.666667</float_array><technique_common><accessor source="#jnt_spine1-Matrix-animation-input-array" count="21"><param name="TIME" type="float"/></accessor></technique_common></source><source id="jnt_spine1-Matrix-animation-output-transform"><float_array id="jnt_spine1-Matrix-animation-output-transform-array" count="336">

0.000000 -0.000000 1.000000 -0.000000 0.999927 -0.012060 -0.000000 0.212132 0.012060 0.999927 0.000000 0.023482 0.000000 0.000000 0.000000 1.000000
0.000000 -0.000000 1.000000 -0.000000 0.999927 -0.012060 -0.000000 0.212132 0.012060 0.999927 0.000000 0.023482 0.000000 0.000000 0.000000 1.000000
0.000000 -0.000000 1.000000 -0.000000 0.999927 -0.012060 -0.000000 0.212132 0.012060 0.999927 0.000000 0.023482 0.000000 0.000000 0.000000 1.000000
0.000000 -0.000000 1.000000 -0.000000 0.999927 -0.012060 -0.000000 0.212132 0.012060 0.999927 0.000000 0.023482 0.000000 0.000000 0.000000 1.000000
0.000000 -0.000000 1.000000 -0.000000 0.999927 -0.012060 -0.000000 0.212132 0.012060 0.999927 0.000000 0.023482 0.000000 0.000000 0.000000 1.000000
0.000000 -0.000000 1.000000 -0.000000 0.999927 -0.012060 -0.000000 0.212132 0.012060 0.999927 0.000000 0.023482 0.000000 0.000000 0.000000 1.000000
0.000000 -0.000000 1.000000 -0.000000 0.999927 -0.012060 -0.000000 0.212132 0.012060 0.999927 0.000000 0.023482 0.000000 0.000000 0.000000 1.000000
0.000000 -0.000000 1.000000 -0.000000 0.999927 -0.012060 -0.000000 0.212132 0.012060 0.999927 0.000000 0.023482 0.000000 0.000000 0.000000 1.000000
0.000000 -0.000000 1.000000 -0.000000 0.999927 -0.012060 -0.000000 0.212132 0.012060 0.999927 0.000000 0.023482 0.000000 0.000000 0.000000 1.000000
0.000000 -0.000000 1.000000 -0.000000 0.999927 -0.012060 -0.000000 0.212132 0.012060 0.999927 0.000000 0.023482 0.000000 0.000000 0.000000 1.000000
0.000000 -0.000000 1.000000 -0.000000 0.999927 -0.012060 -0.000000 0.212132 0.012060 0.999927 0.000000 0.023482 0.000000 0.000000 0.000000 1.000000
0.000000 -0.000000 1.000000 -0.000000 0.999927 -0.012060 -0.000000 0.212132 0.012060 0.999927 0.000000 0.023482 0.000000 0.000000 0.000000 1.000000
0.000000 -0.000000 1.000000 -0.000000 0.999927 -0.012060 -0.000000 0.212132 0.012060 0.999927 0.000000 0.023482 0.000000 0.000000 0.000000 1.000000
0.000000 -0.000000 1.000000 -0.000000 0.999927 -0.012060 -0.000000 0.212132 0.012060 0.999927 0.000000 0.023482 0.000000 0.000000 0.000000 1.000000
0.000000 -0.000000 1.000000 -0.000000 0.999927 -0.012060 -0.000000 0.212132 0.012060 0.999927 0.000000 0.023482 0.000000 0.000000 0.000000 1.000000
0.000000 -0.000000 1.000000 -0.000000 0.999927 -0.012060 -0.000000 0.212132 0.012060 0.999927 0.000000 0.023482 0.000000 0.000000 0.000000 1.000000
0.000000 -0.000000 1.000000 -0.000000 0.999927 -0.012060 -0.000000 0.212132 0.012060 0.999927 0.000000 0.023482 0.000000 0.000000 0.000000 1.000000
0.000000 -0.000000 1.000000 -0.000000 0.999927 -0.012060 -0.000000 0.212132 0.012060 0.999927 0.000000 0.023482 0.000000 0.000000 0.000000 1.000000
0.000000 -0.000000 1.000000 -0.000000 0.999927 -0.012060 -0.000000 0.212132 0.012060 0.999927 0.000000 0.023482 0.000000 0.000000 0.000000 1.000000
0.000000 -0.000000 1.000000 -0.000000 0.999927 -0.012060 -0.000000 0.212132 0.012060 0.999927 0.000000 0.023482 0.000000 0.000000 0.000000 1.000000
0.000000 -0.000000 1.000000 -0.000000 0.999927 -0.012060 -0.000000 0.212132 0.012060 0.999927 0.000000 0.023482 0.000000 0.000000 0.000000 1.000000</float_array><technique_common><accessor source="#jnt_spine1-Matrix-animation-output-transform-array" count="21" stride="16"><param type="float4x4"/></accessor></technique_common></source><source id="jnt_spine1-Interpolations"><Name_array id="jnt_spine1-Interpolations-array" count="21">
 LINEAR LINEAR LINEAR LINEAR LINEAR LINEAR LINEAR LINEAR LINEAR LINEAR LINEAR
LINEAR LINEAR LINEAR LINEAR LINEAR LINEAR LINEAR LINEAR LINEAR LINEAR</Name_array><technique_common><accessor source="#jnt_spine1-Interpolations-array" count="21"><param type="name"/></accessor></technique_common></source><sampler id="jnt_spine1-Matrix-animation-transform"><input semantic="INPUT" source="#jnt_spine1-Matrix-animation-input"/><input semantic="OUTPUT" source="#jnt_spine1-Matrix-animation-output-transform"/><input semantic="INTERPOLATION" source="#jnt_spine1-Interpolations"/></sampler><channel source="#jnt_spine1-Matrix-animation-transform" target="jnt_spine1/matrix"/></animation></animation>
    <animation id="jnt_spine2-anim" name="jnt_spine2"><animation><source id="jnt_spine2-Matrix-animation-input"><float_array id="jnt_spine2-Matrix-animation-input-array" count="21">

0.000000 0.033333 0.066667 0.100000 0.133333 0.166667 0.200000 0.233333 0.266667 0.300000 0.333333 0.366667 0.400000 0.433333 0.466667 0.500000
0.533333 0.566667 0.600000 0.633333 0.666667</float_array><technique_common><accessor source="#jnt_spine2-Matrix-animation-input-array" count="21"><param name="TIME" type="float"/></accessor></technique_common></source><source id="jnt_spine2-Matrix-animation-output-transform"><float_array id="jnt_spine2-Matrix-animation-output-transform-array" count="336">

0.998735 0.050292 0.000000 0.426848 -0.050292 0.998735 0.000000 -0.000000 0.000000 -0.000000 1.000000 -0.000000 0.000000 0.000000 0.000000 1.000000
0.998735 0.050292 0.000000 0.426848 -0.050292 0.998735 0.000000 -0.000000 0.000000 -0.000000 1.000000 -0.000000 0.000000 0.000000 0.000000 1.000000
0.998735 0.050292 0.000000 0.426848 -0.050292 0.998735 0.000000 -0.000000 0.000000 -0.000000 1.000000 -0.000000 0.000000 0.000000 0.000000 1.000000
0.998735 0.050292 0.000000 0.426848 -0.050292 0.998735 0.000000 -0.000000 0.000000 -0.000000 1.000000 -0.000000 0.000000 0.000000 0.000000 1.000000
0.998735 0.050292 0.000000 0.426848 -0.050292 0.998735 0.000000 -0.000000 0.000000 -0.000000 1.000000 -0.000000 0.000000 0.000000 0.000000 1.000000
0.998735 0.050292 0.000000 0.426848 -0.050292 0.998735 0.000000 -0.000000 0.000000 -0.000000 1.000000 -0.000000 0.000000 0.000000 0.000000 1.000000
0.998735 0.050292 0.000000 0.426848 -0.050292 0.998735 0.000000 -0.000000 0.000000 -0.000000 1.000000 -0.000000 0.000000 0.000000 0.000000 1.000000
0.998735 0.050292 0.000000 0.426848 -0.050292 0.998735 0.000000 -0.000000 0.000000 -0.000000 1.000000 -0.000000 0.000000 0.000000 0.000000 1.000000
0.998735 0.050292 0.000000 0.426848 -0.050292 0.998735 0.000000 -0.000000 0.000000 -0.000000 1.000000 -0.000000 0.000000 0.000000 0.000000 1.000000
0.998735 0.050292 0.000000 0.426848 -0.050292 0.998735 0.000000 -0.000000 0.000000 -0.000000 1.000000 -0.000000 0.000000 0.000000 0.000000 1.000000
0.998735 0.050292 0.000000 0.426848 -0.050292 0.998735 0.000000 -0.000000 0.000000 -0.000000 1.000000 -0.000000 0.000000 0.000000 0.000000 1.000000
0.998735 0.050292 0.000000 0.426848 -0.050292 0.998735 0.000000 -0.000000 0.000000 -0.000000 1.000000 -0.000000 0.000000 0.000000 0.000000 1.000000
0.998735 0.050292 0.000000 0.426848 -0.050292 0.998735 0.000000 -0.000000 0.000000 -0.000000 1.000000 -0.000000 0.000000 0.000000 0.000000 1.000000
0.998735 0.050292 0.000000 0.426848 -0.050292 0.998735 0.000000 -0.000000 0.000000 -0.000000 1.000000 -0.000000 0.000000 0.000000 0.000000 1.000000
0.998735 0.050292 0.000000 0.426848 -0.050292 0.998735 0.000000 -0.000000 0.000000 -0.000000 1.000000 -0.000000 0.000000 0.000000 0.000000 1.000000
0.998735 0.050292 0.000000 0.426848 -0.050292 0.998735 0.000000 -0.000000 0.000000 -0.000000 1.000000 -0.000000 0.000000 0.000000 0.000000 1.000000
0.998735 0.050292 0.000000 0.426848 -0.050292 0.998735 0.000000 -0.000000 0.000000 -0.000000 1.000000 -0.000000 0.000000 0.000000 0.000000 1.000000
0.998735 0.050292 0.000000 0.426848 -0.050292 0.998735 0.000000 -0.000000 0.000000 -0.000000 1.000000 -0.000000 0.000000 0.000000 0.000000 1.000000
0.998735 0.050292 0.000000 0.426848 -0.050292 0.998735 0.000000 -0.000000 0.000000 -0.000000 1.000000 -0.000000 0.000000 0.000000 0.000000 1.000000
0.998735 0.050292 0.000000 0.426848 -0.050292 0.998735 0.000000 -0.000000 0.000000 -0.000000 1.000000 -0.000000 0.000000 0.000000 0.000000 1.000000
0.998735 0.050292 0.000000 0.426848 -0.050292 0.998735 0.000000 -0.000000 0.000000 -0.000000 1.000000 -0.000000 0.000000 0.000000 0.000000 1.000000</float_array><technique_common><accessor source="#jnt_spine2-Matrix-animation-output-transform-array" count="21" stride="16"><param type="float4x4"/></accessor></technique_common></source><source id="jnt_spine2-Interpolations"><Name_array id="jnt_spine2-Interpolations-array" count="21">
 LINEAR LINEAR LINEAR LINEAR LINEAR LINEAR LINEAR LINEAR LINEAR LINEAR LINEAR
LINEAR LINEAR LINEAR LINEAR LINEAR LINEAR LINEAR LINEAR LINEAR LINEAR</Name_array><technique_common><accessor source="#jnt_spine2-Interpolations-array" count="21"><param type="name"/></accessor></technique_common></source><sampler id="jnt_spine2-Matrix-animation-transform"><input semantic="INPUT" source="#jnt_spine2-Matrix-animation-input"/><input semantic="OUTPUT" source="#jnt_spine2-Matrix-animation-output-transform"/><input semantic="INTERPOLATION" source="#jnt_spine2-Interpolations"/></sampler><channel source="#jnt_spine2-Matrix-animation-transform" target="jnt_spine2/matrix"/></animation></animation>
    <animation id="jnt_spine3-anim" name="jnt_spine3"><animation><source id="jnt_spine3-Matrix-animation-input"><float_array id="jnt_spine3-Matrix-animation-input-array" count="21">

0.000000 0.033333 0.066667 0.100000 0.133333 0.166667 0.200000 0.233333 0.266667 0.300000 0.333333 0.366667 0.400000 0.433333 0.466667 0.500000
0.533333 0.566667 0.600000 0.633333 0.666667</float_array><technique_common><accessor source="#jnt_spine3-Matrix-animation-input-array" count="21"><param name="TIME" type="float"/></accessor></technique_common></source><source id="jnt_spine3-Matrix-animation-output-transform"><float_array id="jnt_spine3-Matrix-animation-output-transform-array" count="336">

0.998134 0.061061 -0.000000 0.555067 -0.061061 0.998134 0.000000 -0.000000 0.000000 -0.000000 1.000000 -0.000000 0.000000 0.000000 0.000000 1.000000
0.998134 0.061061 -0.000000 0.555067 -0.061061 0.998134 0.000000 -0.000000 0.000000 -0.000000 1.000000 -0.000000 0.000000 0.000000 0.000000 1.000000
0.998134 0.061061 -0.000000 0.555067 -0.061061 0.998134 0.000000 -0.000000 0.000000 -0.000000 1.000000 -0.000000 0.000000 0.000000 0.000000 1.000000
0.998134 0.061061 -0.000000 0.555067 -0.061061 0.998134 0.000000 -0.000000 0.000000 -0.000000 1.000000 -0.000000 0.000000 0.000000 0.000000 1.000000
0.998134 0.061061 -0.000000 0.555067 -0.061061 0.998134 0.000000 -0.000000 0.000000 -0.000000 1.000000 -0.000000 0.000000 0.000000 0.000000 1.000000
0.998134 0.061061 -0.000000 0.555067 -0.061061 0.998134 0.000000 -0.000000 0.000000 -0.000000 1.000000 -0.000000 0.000000 0.000000 0.000000 1.000000
0.998134 0.061061 -0.000000 0.555067 -0.061061 0.998134 0.000000 -0.000000 0.000000 -0.000000 1.000000 -0.000000 0.000000 0.000000 0.000000 1.000000
0.998134 0.061061 -0.000000 0.555067 -0.061061 0.998134 0.000000 -0.000000 0.000000 -0.000000 1.000000 -0.000000 0.000000 0.000000 0.000000 1.000000
0.998134 0.061061 -0.000000 0.555067 -0.061061 0.998134 0.000000 -0.000000 0.000000 -0.000000 1.000000 -0.000000 0.000000 0.000000 0.000000 1.000000
0.998134 0.061061 -0.000000 0.555067 -0.061061 0.998134 0.000000 -0.000000 0.000000 -0.000000 1.000000 -0.000000 0.000000 0.000000 0.000000 1.000000
0.998134 0.061061 -0.000000 0.555067 -0.061061 0.998134 0.000000 -0.000000 0.000000 -0.000000 1.000000 -0.000000 0.000000 0.000000 0.000000 1.000000
0.998134 0.061061 -0.000000 0.555067 -0.061061 0.998134 0.000000 -0.000000 0.000000 -0.000000 1.000000 -0.000000 0.000000 0.000000 0.000000 1.000000
0.998134 0.061061 -0.000000 0.555067 -0.061061 0.998134 0.000000 -0.000000 0.000000 -0.000000 1.000000 -0.000000 0.000000 0.000000 0.000000 1.000000
0.998134 0.061061 -0.000000 0.555067 -0.061061 0.998134 0.000000 -0.000000 0.000000 -0.000000 1.000000 -0.000000 0.000000 0.000000 0.000000 1.000000
0.998134 0.061061 -0.000000 0.555067 -0.061061 0.998134 0.000000 -0.000000 0.000000 -0.000000 1.000000 -0.000000 0.000000 0.000000 0.000000 1.000000
0.998134 0.061061 -0.000000 0.555067 -0.061061 0.998134 0.000000 -0.000000 0.000000 -0.000000 1.000000 -0.000000 0.000000 0.000000 0.000000 1.000000
0.998134 0.061061 -0.000000 0.555067 -0.061061 0.998134 0.000000 -0.000000 0.000000 -0.000000 1.000000 -0.000000 0.000000 0.000000 0.000000 1.000000
0.998134 0.061061 -0.000000 0.555067 -0.061061 0.998134 0.000000 -0.000000 0.000000 -0.000000 1.000000 -0.000000 0.000000 0.000000 0.000000 1.000000
0.998134 0.061061 -0.000000 0.555067 -0.061061 0.998134 0.000000 -0.000000 0.000000 -0.000000 1.000000 -0.000000 0.000000 0.000000 0.000000 1.000000
0.998134 0.061061 -0.000000 0.555067 -0.061061 0.998134 0.000000 -0.000000 0.000000 -0.000000 1.000000 -0.000000 0.000000 0.000000 0.000000 1.000000
0.998134 0.061061 -0.000000 0.555067 -0.061061 0.998134 0.000000 -0.000000 0.000000 -0.000000 1.000000 -0.000000 0.000000 0.000000 0.000000 1.000000</float_array><technique_common><accessor source="#jnt_spine3-Matrix-animation-output-transform-array" count="21" stride="16"><param type="float4x4"/></accessor></technique_common></source><source id="jnt_spine3-Interpolations"><Name_array id="jnt_spine3-Interpolations-array" count="21">
 LINEAR LINEAR LINEAR LINEAR LINEAR LINEAR LINEAR LINEAR LINEAR LINEAR LINEAR
LINEAR LINEAR LINEAR LINEAR LINEAR LINEAR LINEAR LINEAR LINEAR LINEAR</Name_array><technique_common><accessor source="#jnt_spine3-Interpolations-array" count="21"><param type="name"/></accessor></technique_common></source><sampler id="jnt_spine3-Matrix-animation-transform"><input semantic="INPUT" source="#jnt_spine3-Matrix-animation-input"/><input semantic="OUTPUT" source="#jnt_spine3-Matrix-animation-output-transform"/><input semantic="INTERPOLATION" source="#jnt_spine3-Interpolations"/></sampler><channel source="#jnt_spine3-Matrix-animation-transform" target="jnt_spine3/matrix"/></animation></animation>
    <animation id="jnt_neck-anim" name="jnt_neck"><animation><source id="jnt_neck-Matrix-animation-input"><float_array id="jnt_neck-Matrix-animation-input-array" count="21">

0.000000 0.033333 0.066667 0.100000 0.133333 0.166667 0.200000 0.233333 0.266667 0.300000 0.333333 0.366667 0.400000 0.433333 0.466667 0.500000
0.533333 0.566667 0.600000 0.633333 0.666667</float_array><technique_common><accessor source="#jnt_neck-Matrix-animation-input-array" count="21"><param name="TIME" type="float"/></accessor></technique_common></source><source id="jnt_neck-Matrix-animation-output-transform"><float_array id="jnt_neck-Matrix-animation-output-transform-array" count="336">

0.958992 -0.283434 0.000000 0.867450 0.283434 0.958992 0.000000 0.171570 0.000000 -0.000000 1.000000 -0.000000 0.000000 0.000000 0.000000 1.000000
0.958992 -0.283434 0.000000 0.867450 0.283434 0.958992 0.000000 0.171570 0.000000 -0.000000 1.000000 -0.000000 0.000000 0.000000 0.000000 1.000000
0.958992 -0.283434 0.000000 0.867450 0.283434 0.958992 0.000000 0.171570 0.000000 -0.000000 1.000000 -0.000000 0.000000 0.000000 0.000000 1.000000
0.958992 -0.283434 0.000000 0.867450 0.283434 0.958992 0.000000 0.171570 0.000000 -0.000000 1.000000 -0.000000 0.000000 0.000000 0.000000 1.000000
0.958992 -0.283434 0.000000 0.867450 0.283434 0.958992 0.000000 0.171570 0.000000 -0.000000 1.000000 -0.000000 0.000000 0.000000 0.000000 1.000000
0.958992 -0.283434 0.000000 0.867450 0.283434 0.958992 0.000000 0.171570 0.000000 -0.000000 1.000000 -0.000000 0.000000 0.000000 0.000000 1.000000
0.958992 -0.283434 0.000000 0.867450 0.283434 0.958992 0.000000 0.171570 0.000000 -0.000000 1.000000 -0.000000 0.000000 0.000000 0.000000 1.000000
0.958992 -0.283434 0.000000 0.867450 0.283434 0.958992 0.000000 0.171570 0.000000 -0.000000 1.000000 -0.000000 0.000000 0.000000 0.000000 1.000000
0.958992 -0.283434 0.000000 0.867450 0.283434 0.958992 0.000000 0.171570 0.000000 -0.000000 1.000000 -0.000000 0.000000 0.000000 0.000000 1.000000
0.958992 -0.283434 0.000000 0.867450 0.283434 0.958992 0.000000 0.171570 0.000000 -0.000000 1.000000 -0.000000 0.000000 0.000000 0.000000 1.000000
0.958992 -0.283434 0.000000 0.867450 0.283434 0.958992 0.000000 0.171570 0.000000 -0.000000 1.000000 -0.000000 0.000000 0.000000 0.000000 1.000000
0.958992 -0.283434 0.000000 0.867450 0.283434 0.958992 0.000000 0.171570 0.000000 -0.000000 1.000000 -0.000000 0.000000 0.000000 0.000000 1.000000
0.958992 -0.283434 0.000000 0.867450 0.283434 0.958992 0.000000 0.171570 0.000000 -0.000000 1.000000 -0.000000 0.000000 0.000000 0.000000 1.000000
0.958992 -0.283434 0.000000 0.867450 0.283434 0.958992 0.000000 0.171570 0.000000 -0.000000 1.000000 -0.000000 0.000000 0.000000 0.000000 1.000000
0.958992 -0.283434 0.000000 0.867450 0.283434 0.958992 0.000000 0.171570 0.000000 -0.000000 1.000000 -0.000000 0.000000 0.000000 0.000000 1.000000
0.958992 -0.283434 0.000000 0.867450 0.283434 0.958992 0.000000 0.171570 0.000000 -0.000000 1.000000 -0.000000 0.000000 0.000000 0.000000 1.000000
0.958992 -0.283434 0.000000 0.867450 0.283434 0.958992 0.000000 0.171570 0.000000 -0.000000 1.000000 -0.000000 0.000000 0.000000 0.000000 1.000000
0.958992 -0.283434 0.000000 0.867450 0.283434 0.958992 0.000000 0.171570 0.000000 -0.000000 1.000000 -0.000000 0.000000 0.000000 0.000000 1.000000
0.958992 -0.283434 0.000000 0.867450 0.283434 0.958992 0.000000 0.171570 0.000000 -0.000000 1.000000 -0.000000 0.000000 0.000000 0.000000 1.000000
0.958992 -0.283434 0.000000 0.867450 0.283434 0.958992 0.000000 0.171570 0.000000 -0.000000 1.000000 -0.000000 0.000000 0.000000 0.000000 1.000000
0.958992 -0.283434 0.000000 0.867450 0.283434 0.958992 0.000000 0.171570 0.000000 -0.000000 1.000000 -0.000000 0.000000 0.000000 0.000000 1.000000</float_array><technique_common><accessor source="#jnt_neck-Matrix-animation-output-transform-array" count="21" stride="16"><param type="float4x4"/></accessor></technique_common></source><source id="jnt_neck-Interpolations"><Name_array id="jnt_neck-Interpolations-array" count="21">
 LINEAR LINEAR LINEAR LINEAR LINEAR LINEAR LINEAR LINEAR LINEAR LINEAR LINEAR
LINEAR LINEAR LINEAR LINEAR LINEAR LINEAR LINEAR LINEAR LINEAR LINEAR</Name_array><technique_common><accessor source="#jnt_neck-Interpolations-array" count="21"><param type="name"/></accessor></technique_common></source><sampler id="jnt_neck-Matrix-animation-transform"><input semantic="INPUT" source="#jnt_neck-Matrix-animation-input"/><input semantic="OUTPUT" source="#jnt_neck-Matrix-animation-output-transform"/><input semantic="INTERPOLATION" source="#jnt_neck-Interpolations"/></sampler><channel source="#jnt_neck-Matrix-animation-transform" target="jnt_neck/matrix"/></animation></animation>
    <animation id="jnt_head-anim" name="jnt_head"><animation><source id="jnt_head-Matrix-animation-input"><float_array id="jnt_head-Matrix-animation-input-array" count="21">

0.000000 0.033333 0.066667 0.100000 0.133333 0.166667 0.200000 0.233333 0.266667 0.300000 0.333333 0.366667 0.400000 0.433333 0.466667 0.500000
0.533333 0.566667 0.600000 0.633333 0.666667</float_array><technique_common><accessor source="#jnt_head-Matrix-animation-input-array" count="21"><param name="TIME" type="float"/></accessor></technique_common></source><source id="jnt_head-Matrix-animation-output-transform"><float_array id="jnt_head-Matrix-animation-output-transform-array" count="336">

0.982376 0.186916 0.000000 0.273591 -0.186916 0.982376 0.000000 -0.000000 0.000000 0.000000 1.000000 -0.000000 0.000000 0.000000 0.000000 1.000000
0.982376 0.186916 0.000000 0.273591 -0.186916 0.982376 0.000000 -0.000000 0.000000 0.000000 1.000000 -0.000000 0.000000 0.000000 0.000000 1.000000
0.982376 0.186916 0.000000 0.273591 -0.186916 0.982376 0.000000 -0.000000 0.000000 0.000000 1.000000 -0.000000 0.000000 0.000000 0.000000 1.000000
0.982376 0.186916 0.000000 0.273591 -0.186916 0.982376 0.000000 -0.000000 0.000000 0.000000 1.000000 -0.000000 0.000000 0.000000 0.000000 1.000000
0.982376 0.186916 0.000000 0.273591 -0.186916 0.982376 0.000000 -0.000000 0.000000 0.000000 1.000000 -0.000000 0.000000 0.000000 0.000000 1.000000
0.982376 0.186916 0.000000 0.273591 -0.186916 0.982376 0.000000 -0.000000 0.000000 0.000000 1.000000 -0.000000 0.000000 0.000000 0.000000 1.000000
0.982376 0.186916 0.000000 0.273591 -0.186916 0.982376 0.000000 -0.000000 0.000000 0.000000 1.000000 -0.000000 0.000000 0.000000 0.000000 1.000000
0.982376 0.186916 0.000000 0.273591 -0.186916 0.982376 0.000000 -0.000000 0.000000 0.000000 1.000000 -0.000000 0.000000 0.000000 0.000000 1.000000
0.982376 0.186916 0.000000 0.273591 -0.186916 0.982376 0.000000 -0.000000 0.000000 0.000000 1.000000 -0.000000 0.000000 0.000000 0.000000 1.000000
0.982376 0.186916 0.000000 0.273591 -0.186916 0.982376 0.000000 -0.000000 0.000000 0.000000 1.000000 -0.000000 0.000000 0.000000 0.000000 1.000000
0.982376 0.186916 0.000000 0.273591 -0.186916 0.982376 0.000000 -0.000000 0.000000 0.000000 1.000000 -0.000000 0.000000 0.000000 0.000000 1.000000
0.982376 0.186916 0.000000 0.273591 -0.186916 0.982376 0.000000 -0.000000 0.000000 0.000000 1.000000 -0.000000 0.000000 0.000000 0.000000 1.000000
0.982376 0.186916 0.000000 0.273591 -0.186916 0.982376 0.000000 -0.000000 0.000000 0.000000 1.000000 -0.000000 0.000000 0.000000 0.000000 1.000000
0.982376 0.186916 0.000000 0.273591 -0.186916 0.982376 0.000000 -0.000000 0.000000 0.000000 1.000000 -0.000000 0.000000 0.000000 0.000000 1.000000
0.982376 0.186916 0.000000 0.273591 -0.186916 0.982376 0.000000 -0.000000 0.000000 0.000000 1.000000 -0.000000 0.000000 0.000000 0.000000 1.000000
0.982376 0.186916 0.000000 0.273591 -0.186916 0.982376 0.000000 -0.000000 0.000000 0.000000 1.000000 -0.000000 0.000000 0.000000 0.000000 1.000000
0.982376 0.186916 0.000000 0.273591 -0.186916 0.982376 0.000000 -0.000000 0.000000 0.000000 1.000000 -0.000000 0.000000 0.000000 0.000000 1.000000
0.982376 0.186916 0.000000 0.273591 -0.186916 0.982376 0.000000 -0.000000 0.000000 0.000000 1.000000 -0.000000 0.000000 0.000000 0.000000 1.000000
0.982376 0.186916 0.000000 0.273591 -0.186916 0.982376 0.000000 -0.000000 0.000000 0.000000 1.000000 -0.000000 0.000000 0.000000 0.000000 1.000000
0.982376 0.186916 0.000000 0.273591 -0.186916 0.982376 0.000000 -0.000000 0.000000 0.000000 1.000000 -0.000000 0.000000 0.000000 0.000000 1.000000
0.982376 0.186916 0.000000 0.273591 -0.186916 0.982376 0.000000 -0.000000 0.000000 0.000000 1.000000 -0.000000 0.000000 0.000000 0.000000 1.000000</float_array><technique_common><accessor source="#jnt_head-Matrix-animation-output-transform-array" count="21" stride="16"><param type="float4x4"/></accessor></technique_common></source><source id="jnt_head-Interpolations"><Name_array id="jnt_head-Interpolations-array" count="21">
 LINEAR LINEAR LINEAR LINEAR LINEAR LINEAR LINEAR LINEAR LINEAR LINEAR LINEAR
LINEAR LINEAR LINEAR LINEAR LINEAR LINEAR LINEAR LINEAR LINEAR LINEAR</Name_array><technique_common><accessor source="#jnt_head-Interpolations-array" count="21"><param type="name"/></accessor></technique_common></source><sampler id="jnt_head-Matrix-animation-transform"><input semantic="INPUT" source="#jnt_head-Matrix-animation-input"/><input semantic="OUTPUT" source="#jnt_head-Matrix-animation-output-transform"/><input semantic="INTERPOLATION" source="#jnt_head-Interpolations"/></sampler><channel source="#jnt_head-Matrix-animation-transform" target="jnt_head/matrix"/></animation></animation>
    <animation id="jnt_left_shoulder-anim" name="jnt_left_shoulder"><animation><source id="jnt_left_shoulder-Matrix-animation-input"><float_array id="jnt_left_shoulder-Matrix-animation-input-array" count="21">

0.000000 0.033333 0.066667 0.100000 0.133333 0.166667 0.200000 0.233333 0.266667 0.300000 0.333333 0.366667 0.400000 0.433333 0.466667 0.500000
0.533333 0.566667 0.600000 0.633333 0.666667</float_array><technique_common><accessor source="#jnt_left_shoulder-Matrix-animation-input-array" count="21"><param name="TIME" type="float"/></accessor></technique_common></source><source id="jnt_left_shoulder-Matrix-animation-output-transform"><float_array id="jnt_left_shoulder-Matrix-animation-output-transform-array" count="336">

0.362391 0.099441 -0.926706 0.635987 0.319678 -0.947238 0.023367 0.114391 -0.875488 -0.304716 -0.375059 0.266187 0.000000 0.000000 0.000000 1.000000
0.360064 0.099988 -0.927554 0.635987 0.321332 -0.946695 0.022685 0.114391 -0.875842 -0.306221 -0.373001 0.266187 0.000000 0.000000 0.000000 1.000000
0.353815 0.101417 -0.929801 0.635987 0.325750 -0.945226 0.020858 0.114391 -0.876756 -0.310262 -0.367472 0.266187 0.000000 0.000000 0.000000 1.000000
0.344732 0.103387 -0.932991 0.635987 0.332113 -0.943064 0.018210 0.114391 -0.877987 -0.316136 -0.359440 0.266187 0.000000 0.000000 0.000000 1.000000
0.333909 0.105570 -0.936675 0.635987 0.339606 -0.940447 0.015069 0.114391 -0.879302 -0.323132 -0.349876 0.266187 0.000000 0.000000 0.000000 1.000000
0.322462 0.107688 -0.940437 0.635987 0.347429 -0.937633 0.011761 0.114391 -0.880518 -0.330527 -0.339765 0.266187 0.000000 0.000000 0.000000 1.000000
0.311529 0.109531 -0.943903 0.635987 0.354805 -0.934901 0.008615 0.114391 -0.881512 -0.337585 -0.330111 0.266187 0.000000 0.000000 0.000000 1.000000
0.302270 0.110955 -0.946743 0.635987 0.360983 -0.932553 0.005960 0.114391 -0.882227 -0.343559 -0.321935 0.266187 0.000000 0.000000 0.000000 1.000000
0.295854 0.111869 -0.948660 0.635987 0.365226 -0.930910 0.004125 0.114391 -0.882655 -0.347696 -0.316271 0.266187 0.000000 0.000000 0.000000 1.000000
0.293457 0.112196 -0.949366 0.635987 0.366804 -0.930292 0.003440 0.114391 -0.882801 -0.349241 -0.314154 0.266187 0.000000 0.000000 0.000000 1.000000
0.293457 0.112196 -0.949366 0.635987 0.366804 -0.930292 0.003440 0.114391 -0.882801 -0.349241 -0.314154 0.266187 0.000000 0.000000 0.000000 1.000000
0.293457 0.112196 -0.949366 0.635987 0.366804 -0.930292 0.003440 0.114391 -0.882801 -0.349241 -0.314154 0.266187 0.000000 0.000000 0.000000 1.000000
0.293457 0.112196 -0.949366 0.635987 0.366804 -0.930292 0.003441 0.114391 -0.882801 -0.349241 -0.314154 0.266187 0.000000 0.000000 0.000000 1.000000
0.293457 0.112196 -0.949366 0.635987 0.366804 -0.930292 0.003441 0.114391 -0.882801 -0.349241 -0.314154 0.266187 0.000000 0.000000 0.000000 1.000000
0.293457 0.112196 -0.949366 0.635987 0.366804 -0.930292 0.003441 0.114391 -0.882801 -0.349241 -0.314154 0.266187 0.000000 0.000000 0.000000 1.000000
0.293457 0.112196 -0.949366 0.635987 0.366804 -0.930292 0.003441 0.114391 -0.882801 -0.349241 -0.314154 0.266187 0.000000 0.000000 0.000000 1.000000
0.293457 0.112196 -0.949366 0.635987 0.366804 -0.930292 0.003441 0.114391 -0.882801 -0.349241 -0.314154 0.266187 0.000000 0.000000 0.000000 1.000000
0.293457 0.112196 -0.949366 0.635987 0.366804 -0.930292 0.003440 0.114391 -0.882801 -0.349241 -0.314154 0.266187 0.000000 0.000000 0.000000 1.000000
0.293457 0.112196 -0.949366 0.635987 0.366804 -0.930292 0.003440 0.114391 -0.882801 -0.349241 -0.314154 0.266187 0.000000 0.000000 0.000000 1.000000
0.293457 0.112196 -0.949366 0.635987 0.366804 -0.930292 0.003440 0.114391 -0.882801 -0.349241 -0.314154 0.266187 0.000000 0.000000 0.000000 1.000000
0.293457 0.112196 -0.949366 0.635987 0.366804 -0.930292 0.003440 0.114391 -0.882801 -0.349241 -0.314154 0.266187 0.000000 0.000000 0.000000 1.000000</float_array><technique_common><accessor source="#jnt_left_shoulder-Matrix-animation-output-transform-array" count="21" stride="16"><param type="float4x4"/></accessor></technique_common></source><source id="jnt_left_shoulder-Interpolations"><Name_array id="jnt_left_shoulder-Interpolations-array" count="21">
 LINEAR LINEAR LINEAR LINEAR LINEAR LINEAR LINEAR LINEAR LINEAR LINEAR LINEAR
LINEAR LINEAR LINEAR LINEAR LINEAR LINEAR LINEAR LINEAR LINEAR LINEAR</Name_array><technique_common><accessor source="#jnt_left_shoulder-Interpolations-array" count="21"><param type="name"/></accessor></technique_common></source><sampler id="jnt_left_shoulder-Matrix-animation-transform"><input semantic="INPUT" source="#jnt_left_shoulder-Matrix-animation-input"/><input semantic="OUTPUT" source="#jnt_left_shoulder-Matrix-animation-output-transform"/><input semantic="INTERPOLATION" source="#jnt_left_shoulder-Interpolations"/></sampler><channel source="#jnt_left_shoulder-Matrix-animation-transform" target="jnt_left_shoulder/matrix"/></animation></animation>
    <animation id="jnt_left_arm-anim" name="jnt_left_arm"><animation><source id="jnt_left_arm-Matrix-animation-input"><float_array id="jnt_left_arm-Matrix-animation-input-array" count="21">

0.000000 0.033333 0.066667 0.100000 0.133333 0.166667 0.200000 0.233333 0.266667 0.300000 0.333333 0.366667 0.400000 0.433333 0.466667 0.500000
0.533333 0.566667 0.600000 0.633333 0.666667</float_array><technique_common><accessor source="#jnt_left_arm-Matrix-animation-input-array" count="21"><param name="TIME" type="float"/></accessor></technique_common></source><source id="jnt_left_arm-Matrix-animation-output-transform"><float_array id="jnt_left_arm-Matrix-animation-output-transform-array" count="336">

0.467501 -0.180585 0.865351 -0.525417 -0.420468 0.815661 0.397371 -0.032447 -0.777592 -0.549624 0.305392 0.009492 0.000000 0.000000 0.000000 1.000000
0.471843 -0.184437 0.862176 -0.525417 -0.418086 0.814138 0.402967 -0.032447 -0.776252 -0.550601 0.307035 0.009491 0.000000 0.000000 0.000000 1.000000
0.481712 -0.199263 0.853374 -0.525417 -0.401127 0.815662 0.416885 -0.032447 -0.779135 -0.543130 0.312984 0.009491 0.000000 0.000000 0.000000 1.000000
0.489416 -0.230396 0.841064 -0.525417 -0.351813 0.830332 0.432177 -0.032448 -0.797934 -0.507412 0.325322 0.009492 0.000000 0.000000 0.000000 1.000000
0.482172 -0.278166 0.830743 -0.525416 -0.259018 0.860598 0.438499 -0.032447 -0.836911 -0.426609 0.342906 0.009492 0.000000 0.000000 0.000000 1.000000
0.445898 -0.334365 0.830286 -0.525417 -0.126149 0.894873 0.428122 -0.032447 -0.886150 -0.295639 0.356843 0.009492 0.000000 0.000000 0.000000 1.000000
0.377416 -0.383803 0.842765 -0.525417 0.026267 0.914141 0.404545 -0.032447 -0.925671 -0.130545 0.355093 0.009491 0.000000 0.000000 0.000000 1.000000
0.293184 -0.413885 0.861825 -0.525417 0.167280 0.909739 0.379989 -0.032447 -0.941308 0.032760 0.335956 0.009491 0.000000 0.000000 0.000000 1.000000
0.222606 -0.424563 0.877606 -0.525417 0.267587 0.892229 0.363763 -0.032447 -0.937467 0.153860 0.312223 0.009491 0.000000 0.000000 0.000000 1.000000
0.194132 -0.425948 0.883675 -0.525417 0.305101 0.882352 0.358284 -0.032447 -0.932323 0.200056 0.301251 0.009492 0.000000 0.000000 0.000000 1.000000
0.193571 -0.429082 0.882280 -0.525417 0.291936 0.883745 0.365744 -0.032447 -0.936645 0.186772 0.296332 0.009492 0.000000 0.000000 0.000000 1.000000
0.186324 -0.438720 0.879095 -0.525417 0.274202 0.882431 0.382268 -0.032447 -0.943449 0.169824 0.284716 0.009492 0.000000 0.000000 0.000000 1.000000
0.165031 -0.454556 0.875296 -0.525417 0.280462 0.872456 0.400202 -0.032447 -0.945572 0.179442 0.271468 0.009492 0.000000 0.000000 0.000000 1.000000
0.132827 -0.471376 0.871873 -0.525417 0.313198 0.854555 0.414299 -0.032447 -0.940353 0.218039 0.261142 0.009492 0.000000 0.000000 0.000000 1.000000
0.113555 -0.479216 0.870320 -0.525417 0.336722 0.842706 0.420077 -0.032447 -0.934732 0.245354 0.257056 0.009492 0.000000 0.000000 0.000000 1.000000
0.115211 -0.478919 0.870266 -0.525417 0.333780 0.843824 0.420181 -0.032447 -0.935584 0.242068 0.257071 0.009492 0.000000 0.000000 0.000000 1.000000
0.119102 -0.478165 0.870157 -0.525417 0.326776 0.846447 0.420409 -0.032447 -0.937567 0.234275 0.257067 0.009492 0.000000 0.000000 0.000000 1.000000
0.123662 -0.477158 0.870073 -0.525417 0.318379 0.849527 0.420640 -0.032447 -0.939863 0.224996 0.256972 0.009492 0.000000 0.000000 0.000000 1.000000
0.127693 -0.476123 0.870058 -0.525417 0.310714 0.852284 0.420795 -0.032447 -0.941887 0.216607 0.256769 0.009492 0.000000 0.000000 0.000000 1.000000
0.130451 -0.475306 0.870096 -0.525417 0.305277 0.854214 0.420861 -0.032447 -0.943286 0.210719 0.256533 0.009492 0.000000 0.000000 0.000000 1.000000
0.131475 -0.474975 0.870122 -0.525417 0.303209 0.854944 0.420875 -0.032447 -0.943811 0.208494 0.256420 0.009492 0.000000 0.000000 0.000000 1.000000</float_array><technique_common><accessor source="#jnt_left_arm-Matrix-animation-output-transform-array" count="21" stride="16"><param type="float4x4"/></accessor></technique_common></source><source id="jnt_left_arm-Interpolations"><Name_array id="jnt_left_arm-Interpolations-array" count="21">
 LINEAR LINEAR LINEAR LINEAR LINEAR LINEAR LINEAR LINEAR LINEAR LINEAR LINEAR
LINEAR LINEAR LINEAR LINEAR LINEAR LINEAR LINEAR LINEAR LINEAR LINEAR</Name_array><technique_common><accessor source="#jnt_left_arm-Interpolations-array" count="21"><param type="name"/></accessor></technique_common></source><sampler id="jnt_left_arm-Matrix-animation-transform"><input semantic="INPUT" source="#jnt_left_arm-Matrix-animation-input"/><input semantic="OUTPUT" source="#jnt_left_arm-Matrix-animation-output-transform"/><input semantic="INTERPOLATION" source="#jnt_left_arm-Interpolations"/></sampler><channel source="#jnt_left_arm-Matrix-animation-transform" target="jnt_left_arm/matrix"/></animation></animation>
    <animation id="jnt_left_armroll-anim" name="jnt_left_armroll"><animation><source id="jnt_left_armroll-Matrix-animation-input"><float_array id="jnt_left_armroll-Matrix-animation-input-array" count="21">

0.000000 0.033333 0.066667 0.100000 0.133333 0.166667 0.200000 0.233333 0.266667 0.300000 0.333333 0.366667 0.400000 0.433333 0.466667 0.500000
0.533333 0.566667 0.600000 0.633333 0.666667</float_array><technique_common><accessor source="#jnt_left_armroll-Matrix-animation-input-array" count="21"><param name="TIME" type="float"/></accessor></technique_common></source><source id="jnt_left_armroll-Matrix-animation-output-transform"><float_array id="jnt_left_armroll-Matrix-animation-output-transform-array" count="336">

1.000000 0.000001 -0.000002 -0.421995 -0.000001 1.000000 -0.000002 0.000001 0.000002 0.000002 1.000000 -0.000004 0.000000 0.000000 0.000000 1.000000
1.000000 0.000001 -0.000002 -0.421995 -0.000001 1.000000 -0.000002 0.000001 0.000002 0.000002 1.000000 -0.000004 0.000000 0.000000 0.000000 1.000000
1.000000 -0.000000 -0.000002 -0.421995 0.000000 1.000000 -0.000002 0.000001 0.000002 0.000002 1.000000 -0.000004 0.000000 0.000000 0.000000 1.000000
