<?xml version="1.0" encoding="utf-8"?>
<COLLADA xmlns="http://www.collada.org/2005/11/COLLADASchema" version="1.4.1">
  <asset><contributor><author></author><authoring_tool>FBX COLLADA exporter</authoring_tool><comments></comments></contributor><created>2018-04-13T15:08:32Z</created><keywords></keywords><modified>2018-04-13T15:08:32Z</modified><revision></revision><subject></subject><title></title><unit meter="0.010000" name="centimeter"></unit><up_axis>Y_UP</up_axis></asset>
  <library_animations>
    <animation id="jnt_hips-anim" name="jnt_hips"><animation><source id="jnt_hips-Matrix-animation-input"><float_array id="jnt_hips-Matrix-animation-input-array" count="10">

0.000000 0.033333 0.066667 0.100000 0.133333 0.166667 0.200000 0.233333 0.266667 0.300000</float_array><technique_common><accessor source="#jnt_hips-Matrix-animation-input-array" count="10"><param name="TIME" type="float"/></accessor></technique_common></source><source id="jnt_hips-Matrix-animation-output-transform"><float_array id="jnt_hips-Matrix-animation-output-transform-array" count="160">

1.000000 0.000000 0.000000 -0.000000 0.000000 1.000000 0.000000 2.061423 0.000000 0.000000 1.000000 -0.094053 0.000000 0.000000 0.000000 1.000000
1.000000 0.000000 0.000000 -0.000000 0.000000 1.000000 0.000000 2.061423 0.000000 0.000000 1.000000 -0.094053 0.000000 0.000000 0.000000 1.000000
1.000000 0.000000 0.000000 -0.000000 0.000000 1.000000 0.000000 2.061423 0.000000 0.000000 1.000000 -0.094053 0.000000 0.000000 0.000000 1.000000
1.000000 0.000000 0.000000 -0.000000 0.000000 1.000000 0.000000 2.061423 0.000000 0.000000 1.000000 -0.094053 0.000000 0.000000 0.000000 1.000000
1.000000 0.000000 0.000000 -0.000000 0.000000 1.000000 0.000000 2.061423 0.000000 0.000000 1.000000 -0.094053 0.000000 0.000000 0.000000 1.000000
1.000000 0.000000 0.000000 -0.000000 0.000000 1.000000 0.000000 2.061423 0.000000 0.000000 1.000000 -0.094053 0.000000 0.000000 0.000000 1.000000
1.000000 0.000000 0.000000 -0.000000 0.000000 1.000000 0.000000 2.061423 0.000000 0.000000 1.000000 -0.094053 0.000000 0.000000 0.000000 1.000000
1.000000 0.000000 0.000000 -0.000000 0.000000 1.000000 0.000000 2.061423 0.000000 0.000000 1.000000 -0.094053 0.000000 0.000000 0.000000 1.000000
1.000000 0.000000 0.000000 -0.000000 0.000000 1.000000 0.000000 2.061423 0.000000 0.000000 1.000000 -0.094053 0.000000 0.000000 0.000000 1.000000
1.000000 0.000000 0.000000 -0.000000 0.000000 1.000000 0.000000 2.061423 0.000000 0.000000 1.000000 -0.094053 0.000000 0.000000 0.000000 1.000000</float_array><technique_common><accessor source="#jnt_hips-Matrix-animation-output-transform-array" count="10" stride="16"><param type="float4x4"/></accessor></technique_common></source><source id="jnt_hips-Interpolations"><Name_array id="jnt_hips-Interpolations-array" count="10">
 LINEAR LINEAR LINEAR LINEAR LINEAR LINEAR LINEAR LINEAR LINEAR LINEAR</Name_array><technique_common><accessor source="#jnt_hips-Interpolations-array" count="10"><param type="name"/></accessor></technique_common></source><sampler id="jnt_hips-Matrix-animation-transform"><input semantic="INPUT" source="#jnt_hips-Matrix-animation-input"/><input semantic="OUTPUT" source="#jnt_hips-Matrix-animation-output-transform"/><input semantic="INTERPOLATION" source="#jnt_hips-Interpolations"/></sampler><channel source="#jnt_hips-Matrix-animation-transform" target="jnt_hips/matrix"/></animation></animation>
    <animation id="jnt_spine1-anim" name="jnt_spine1"><animation><source id="jnt_spine1-Matrix-animation-input"><float_array id="jnt_spine1-Matrix-animation-input-array" count="10">

0.000000 0.033333 0.066667 0.100000 0.133333 0.166667 0.200000 0.233333 0.266667 0.300000</float_array><technique_common><accessor source="#jnt_spine1-Matrix-animation-input-array" count="10"><param name="TIME" type="float"/></accessor></technique_common></source><source id="jnt_spine1-Matrix-animation-output-transform"><float_array id="jnt_spine1-Matrix-animation-output-transform-array" count="160">

0.000000 -0.000000 1.000000 -0.000000 0.999927 -0.012060 -0.000000 0.212132 0.012060 0.999927 0.000000 0.023482 0.000000 0.000000 0.000000 1.000000
0.000000 -0.000000 1.000000 -0.000000 0.999927 -0.012060 -0.000000 0.212132 0.012060 0.999927 0.000000 0.023482 0.000000 0.000000 0.000000 1.000000
0.000000 -0.000000 1.000000 -0.000000 0.999927 -0.012060 -0.000000 0.212132 0.012060 0.999927 0.000000 0.023482 0.000000 0.000000 0.000000 1.000000
0.000000 -0.000000 1.000000 -0.000000 0.999927 -0.012060 -0.000000 0.212132 0.012060 0.999927 0.000000 0.023482 0.000000 0.000000 0.000000 1.000000
0.000000 -0.000000 1.000000 -0.000000 0.999927 -0.012060 -0.000000 0.212132 0.012060 0.999927 0.000000 0.023482 0.000000 0.000000 0.000000 1.000000
0.000000 -0.000000 1.000000 -0.000000 0.999927 -0.012060 -0.000000 0.212132 0.012060 0.999927 0.000000 0.023482 0.000000 0.000000 0.000000 1.000000
0.000000 -0.000000 1.000000 -0.000000 0.999927 -0.012060 -0.000000 0.212132 0.012060 0.999927 0.000000 0.023482 0.000000 0.000000 0.000000 1.000000
0.000000 -0.000000 1.000000 -0.000000 0.999927 -0.012060 -0.000000 0.212132 0.012060 0.999927 0.000000 0.023482 0.000000 0.000000 0.000000 1.000000
0.000000 -0.000000 1.000000 -0.000000 0.999927 -0.012060 -0.000000 0.212132 0.012060 0.999927 0.000000 0.023482 0.000000 0.000000 0.000000 1.000000
0.000000 -0.000000 1.000000 -0.000000 0.999927 -0.012060 -0.000000 0.212132 0.012060 0.999927 0.000000 0.023482 0.000000 0.000000 0.000000 1.000000</float_array><technique_common><accessor source="#jnt_spine1-Matrix-animation-output-transform-array" count="10" stride="16"><param type="float4x4"/></accessor></technique_common></source><source id="jnt_spine1-Interpolations"><Name_array id="jnt_spine1-Interpolations-array" count="10">
 LINEAR LINEAR LINEAR LINEAR LINEAR LINEAR LINEAR LINEAR LINEAR LINEAR</Name_array><technique_common><accessor source="#jnt_spine1-Interpolations-array" count="10"><param type="name"/></accessor></technique_common></source><sampler id="jnt_spine1-Matrix-animation-transform"><input semantic="INPUT" source="#jnt_spine1-Matrix-animation-input"/><input semantic="OUTPUT" source="#jnt_spine1-Matrix-animation-output-transform"/><input semantic="INTERPOLATION" source="#jnt_spine1-Interpolations"/></sampler><channel source="#jnt_spine1-Matrix-animation-transform" target="jnt_spine1/matrix"/></animation></animation>
    <animation id="jnt_spine2-anim" name="jnt_spine2"><animation><source id="jnt_spine2-Matrix-animation-input"><float_array id="jnt_spine2-Matrix-animation-input-array" count="10">

0.000000 0.033333 0.066667 0.100000 0.133333 0.166667 0.200000 0.233333 0.266667 0.300000</float_array><technique_common><accessor source="#jnt_spine2-Matrix-animation-input-array" count="10"><param name="TIME" type="float"/></accessor></technique_common></source><source id="jnt_spine2-Matrix-animation-output-transform"><float_array id="jnt_spine2-Matrix-animation-output-transform-array" count="160">

0.998735 0.050292 0.000000 0.426848 -0.050292 0.998735 0.000000 -0.000000 0.000000 -0.000000 1.000000 -0.000000 0.000000 0.000000 0.000000 1.000000
0.998735 0.050292 0.000000 0.426848 -0.050292 0.998735 0.000000 -0.000000 0.000000 -0.000000 1.000000 -0.000000 0.000000 0.000000 0.000000 1.000000
0.998735 0.050292 0.000000 0.426848 -0.050292 0.998735 0.000000 -0.000000 0.000000 -0.000000 1.000000 -0.000000 0.000000 0.000000 0.000000 1.000000
0.998735 0.050292 0.000000 0.426848 -0.050292 0.998735 0.000000 -0.000000 0.000000 -0.000000 1.000000 -0.000000 0.000000 0.000000 0.000000 1.000000
0.998735 0.050292 0.000000 0.426848 -0.050292 0.998735 0.000000 -0.000000 0.000000 -0.000000 1.000000 -0.000000 0.000000 0.000000 0.000000 1.000000
0.998735 0.050292 0.000000 0.426848 -0.050292 0.998735 0.000000 -0.000000 0.000000 -0.000000 1.000000 -0.000000 0.000000 0.000000 0.000000 1.000000
0.998735 0.050292 0.000000 0.426848 -0.050292 0.998735 0.000000 -0.000000 0.000000 -0.000000 1.000000 -0.000000 0.000000 0.000000 0.000000 1.000000
0.998735 0.050292 0.000000 0.426848 -0.050292 0.998735 0.000000 -0.000000 0.000000 -0.000000 1.000000 -0.000000 0.000000 0.000000 0.000000 1.000000
0.998735 0.050292 0.000000 0.426848 -0.050292 0.998735 0.000000 -0.000000 0.000000 -0.000000 1.000000 -0.000000 0.000000 0.000000 0.000000 1.000000
0.998735 0.050292 0.000000 0.426848 -0.050292 0.998735 0.000000 -0.000000 0.000000 -0.000000 1.000000 -0.000000 0.000000 0.000000 0.000000 1.000000</float_array><technique_common><accessor source="#jnt_spine2-Matrix-animation-output-transform-array" count="10" stride="16"><param type="float4x4"/></accessor></technique_common></source><source id="jnt_spine2-Interpolations"><Name_array id="jnt_spine2-Interpolations-array" count="10">
 LINEAR LINEAR LINEAR LINEAR LINEAR LINEAR LINEAR LINEAR LINEAR LINEAR</Name_array><technique_common><accessor source="#jnt_spine2-Interpolations-array" count="10"><param type="name"/></accessor></technique_common></source><sampler id="jnt_spine2-Matrix-animation-transform"><input semantic="INPUT" source="#jnt_spine2-Matrix-animation-input"/><input semantic="OUTPUT" source="#jnt_spine2-Matrix-animation-output-transform"/><input semantic="INTERPOLATION" source="#jnt_spine2-Interpolations"/></sampler><channel source="#jnt_spine2-Matrix-animation-transform" target="jnt_spine2/matrix"/></animation></animation>
    <animation id="jnt_spine3-anim" name="jnt_spine3"><animation><source id="jnt_spine3-Matrix-animation-input"><float_array id="jnt_spine3-Matrix-animation-input-array" count="10">

0.000000 0.033333 0.066667 0.100000 0.133333 0.166667 0.200000 0.233333 0.266667 0.300000</float_array><technique_common><accessor source="#jnt_spine3-Matrix-animation-input-array" count="10"><param name="TIME" type="float"/></accessor></technique_common></source><source id="jnt_spine3-Matrix-animation-output-transform"><float_array id="jnt_spine3-Matrix-animation-output-transform-array" count="160">

0.998134 0.061061 -0.000000 0.555067 -0.061061 0.998134 0.000000 -0.000000 0.000000 -0.000000 1.000000 -0.000000 0.000000 0.000000 0.000000 1.000000
0.998134 0.061061 -0.000000 0.555067 -0.061061 0.998134 0.000000 -0.000000 0.000000 -0.000000 1.000000 -0.000000 0.000000 0.000000 0.000000 1.000000
0.998134 0.061061 -0.000000 0.555067 -0.061061 0.998134 0.000000 -0.000000 0.000000 -0.000000 1.000000 -0.000000 0.000000 0.000000 0.000000 1.000000
0.998134 0.061061 -0.000000 0.555067 -0.061061 0.998134 0.000000 -0.000000 0.000000 -0.000000 1.000000 -0.000000 0.000000 0.000000 0.000000 1.000000
0.998134 0.061061 -0.000000 0.555067 -0.061061 0.998134 0.000000 -0.000000 0.000000 -0.000000 1.000000 -0.000000 0.000000 0.000000 0.000000 1.000000
0.998134 0.061061 -0.000000 0.555067 -0.061061 0.998134 0.000000 -0.000000 0.000000 -0.000000 1.000000 -0.000000 0.000000 0.000000 0.000000 1.000000
0.998134 0.061061 -0.000000 0.555067 -0.061061 0.998134 0.000000 -0.000000 0.000000 -0.000000 1.000000 -0.000000 0.000000 0.000000 0.000000 1.000000
0.998134 0.061061 -0.000000 0.555067 -0.061061 0.998134 0.000000 -0.000000 0.000000 -0.000000 1.000000 -0.000000 0.000000 0.000000 0.000000 1.000000
0.998134 0.061061 -0.000000 0.555067 -0.061061 0.998134 0.000000 -0.000000 0.000000 -0.000000 1.000000 -0.000000 0.000000 0.000000 0.000000 1.000000
0.998134 0.061061 -0.000000 0.555067 -0.061061 0.998134 0.000000 -0.000000 0.000000 -0.000000 1.000000 -0.000000 0.000000 0.000000 0.000000 1.000000</float_array><technique_common><accessor source="#jnt_spine3-Matrix-animation-output-transform-array" count="10" stride="16"><param type="float4x4"/></accessor></technique_common></source><source id="jnt_spine3-Interpolations"><Name_array id="jnt_spine3-Interpolations-array" count="10">
 LINEAR LINEAR LINEAR LINEAR LINEAR LINEAR LINEAR LINEAR LINEAR LINEAR</Name_array><technique_common><accessor source="#jnt_spine3-Interpolations-array" count="10"><param type="name"/></accessor></technique_common></source><sampler id="jnt_spine3-Matrix-animation-transform"><input semantic="INPUT" source="#jnt_spine3-Matrix-animation-input"/><input semantic="OUTPUT" source="#jnt_spine3-Matrix-animation-output-transform"/><input semantic="INTERPOLATION" source="#jnt_spine3-Interpolations"/></sampler><channel source="#jnt_spine3-Matrix-animation-transform" target="jnt_spine3/matrix"/></animation></animation>
    <animation id="jnt_neck-anim" name="jnt_neck"><animation><source id="jnt_neck-Matrix-animation-input"><float_array id="jnt_neck-Matrix-animation-input-array" count="10">

0.000000 0.033333 0.066667 0.100000 0.133333 0.166667 0.200000 0.233333 0.266667 0.300000</float_array><technique_common><accessor source="#jnt_neck-Matrix-animation-input-array" count="10"><param name="TIME" type="float"/></accessor></technique_common></source><source id="jnt_neck-Matrix-animation-output-transform"><float_array id="jnt_neck-Matrix-animation-output-transform-array" count="160">

0.958992 -0.283434 0.000000 0.867450 0.283434 0.958992 0.000000 0.171570 0.000000 -0.000000 1.000000 -0.000000 0.000000 0.000000 0.000000 1.000000
0.958992 -0.283434 0.000000 0.867450 0.283434 0.958992 0.000000 0.171570 0.000000 -0.000000 1.000000 -0.000000 0.000000 0.000000 0.000000 1.000000
0.958992 -0.283434 0.000000 0.867450 0.283434 0.958992 0.000000 0.171570 0.000000 -0.000000 1.000000 -0.000000 0.000000 0.000000 0.000000 1.000000
0.958992 -0.283434 0.000000 0.867450 0.283434 0.958992 0.000000 0.171570 0.000000 -0.000000 1.000000 -0.000000 0.000000 0.000000 0.000000 1.000000
0.958992 -0.283434 0.000000 0.867450 0.283434 0.958992 0.000000 0.171570 0.000000 -0.000000 1.000000 -0.000000 0.000000 0.000000 0.000000 1.000000
0.958992 -0.283434 0.000000 0.867450 0.283434 0.958992 0.000000 0.171570 0.000000 -0.000000 1.000000 -0.000000 0.000000 0.000000 0.000000 1.000000
0.958992 -0.283434 0.000000 0.867450 0.283434 0.958992 0.000000 0.171570 0.000000 -0.000000 1.000000 -0.000000 0.000000 0.000000 0.000000 1.000000
0.958992 -0.283434 0.000000 0.867450 0.283434 0.958992 0.000000 0.171570 0.000000 -0.000000 1.000000 -0.000000 0.000000 0.000000 0.000000 1.000000
0.958992 -0.283434 0.000000 0.867450 0.283434 0.958992 0.000000 0.171570 0.000000 -0.000000 1.000000 -0.000000 0.000000 0.000000 0.000000 1.000000
0.958992 -0.283434 0.000000 0.867450 0.283434 0.958992 0.000000 0.171570 0.000000 -0.000000 1.000000 -0.000000 0.000000 0.000000 0.000000 1.000000</float_array><technique_common><accessor source="#jnt_neck-Matrix-animation-output-transform-array" count="10" stride="16"><param type="float4x4"/></accessor></technique_common></source><source id="jnt_neck-Interpolations"><Name_array id="jnt_neck-Interpolations-array" count="10">
 LINEAR LINEAR LINEAR LINEAR LINEAR LINEAR LINEAR LINEAR LINEAR LINEAR</Name_array><technique_common><accessor source="#jnt_neck-Interpolations-array" count="10"><param type="name"/></accessor></technique_common></source><sampler id="jnt_neck-Matrix-animation-transform"><input semantic="INPUT" source="#jnt_neck-Matrix-animation-input"/><input semantic="OUTPUT" source="#jnt_neck-Matrix-animation-output-transform"/><input semantic="INTERPOLATION" source="#jnt_neck-Interpolations"/></sampler><channel source="#jnt_neck-Matrix-animation-transform" target="jnt_neck/matrix"/></animation></animation>
    <animation id="jnt_head-anim" name="jnt_head"><animation><source id="jnt_head-Matrix-animation-input"><float_array id="jnt_head-Matrix-animation-input-array" count="10">

0.000000 0.033333 0.066667 0.100000 0.133333 0.166667 0.200000 0.233333 0.266667 0.300000</float_array><technique_common><accessor source="#jnt_head-Matrix-animation-input-array" count="10"><param name="TIME" type="float"/></accessor></technique_common></source><source id="jnt_head-Matrix-animation-output-transform"><float_array id="jnt_head-Matrix-animation-output-transform-array" count="160">

0.982376 0.186916 0.000000 0.273591 -0.186916 0.982376 0.000000 -0.000000 0.000000 0.000000 1.000000 -0.000000 0.000000 0.000000 0.000000 1.000000
0.982376 0.186916 0.000000 0.273591 -0.186916 0.982376 0.000000 -0.000000 0.000000 0.000000 1.000000 -0.000000 0.000000 0.000000 0.000000 1.000000
0.982376 0.186916 0.000000 0.273591 -0.186916 0.982376 0.000000 -0.000000 0.000000 0.000000 1.000000 -0.000000 0.000000 0.000000 0.000000 1.000000
0.982376 0.186916 0.000000 0.273591 -0.186916 0.982376 0.000000 -0.000000 0.000000 0.000000 1.000000 -0.000000 0.000000 0.000000 0.000000 1.000000
0.982376 0.186916 0.000000 0.273591 -0.186916 0.982376 0.000000 -0.000000 0.000000 0.000000 1.000000 -0.000000 0.000000 0.000000 0.000000 1.000000
0.982376 0.186916 0.000000 0.273591 -0.186916 0.982376 0.000000 -0.000000 0.000000 0.000000 1.000000 -0.000000 0.000000 0.000000 0.000000 1.000000
0.982376 0.186916 0.000000 0.273591 -0.186916 0.982376 0.000000 -0.000000 0.000000 0.000000 1.000000 -0.000000 0.000000 0.000000 0.000000 1.000000
0.982376 0.186916 0.000000 0.273591 -0.186916 0.982376 0.000000 -0.000000 0.000000 0.000000 1.000000 -0.000000 0.000000 0.000000 0.000000 1.000000
0.982376 0.186916 0.000000 0.273591 -0.186916 0.982376 0.000000 -0.000000 0.000000 0.000000 1.000000 -0.000000 0.000000 0.000000 0.000000 1.000000
0.982376 0.186916 0.000000 0.273591 -0.186916 0.982376 0.000000 -0.000000 0.000000 0.000000 1.000000 -0.000000 0.000000 0.000000 0.000000 1.000000</float_array><technique_common><accessor source="#jnt_head-Matrix-animation-output-transform-array" count="10" stride="16"><param type="float4x4"/></accessor></technique_common></source><source id="jnt_head-Interpolations"><Name_array id="jnt_head-Interpolations-array" count="10">
 LINEAR LINEAR LINEAR LINEAR LINEAR LINEAR LINEAR LINEAR LINEAR LINEAR</Name_array><technique_common><accessor source="#jnt_head-Interpolations-array" count="10"><param type="name"/></accessor></technique_common></source><sampler id="jnt_head-Matrix-animation-transform"><input semantic="INPUT" source="#jnt_head-Matrix-animation-input"/><input semantic="OUTPUT" source="#jnt_head-Matrix-animation-output-transform"/><input semantic="INTERPOLATION" source="#jnt_head-Interpolations"/></sampler><channel source="#jnt_head-Matrix-animation-transform" target="jnt_head/matrix"/></animation></animation>
    <animation id="jnt_left_shoulder-anim" name="jnt_left_shoulder"><animation><source id="jnt_left_shoulder-Matrix-animation-input"><float_array id="jnt_left_shoulder-Matrix-animation-input-array" count="10">

0.000000 0.033333 0.066667 0.100000 0.133333 0.166667 0.200000 0.233333 0.266667 0.300000</float_array><technique_common><accessor source="#jnt_left_shoulder-Matrix-animation-input-array" count="10"><param name="TIME" type="float"/></accessor></technique_common></source><source id="jnt_left_shoulder-Matrix-animation-output-transform"><float_array id="jnt_left_shoulder-Matrix-animation-output-transform-array" count="160">

0.293457 0.112196 -0.949366 0.635987 0.366804 -0.930292 0.003440 0.114391 -0.882801 -0.349241 -0.314154 0.266187 0.000000 0.000000 0.000000 1.000000
0.280500 0.129999 -0.951010 0.635987 0.417641 -0.908611 -0.001020 0.114391 -0.864231 -0.396895 -0.309158 0.266187 0.000000 0.000000 0.000000 1.000000
0.246316 0.168191 -0.954484 0.635987 0.533381 -0.845798 -0.011394 0.114391 -0.809218 -0.506297 -0.298043 0.266187 0.000000 0.000000 0.000000 1.000000
0.200668 0.205331 -0.957899 0.635987 0.659147 -0.751661 -0.023040 0.114391 -0.724746 -0.626774 -0.286178 0.266187 0.000000 0.000000 0.000000 1.000000
0.159657 0.228958 -0.960254 0.635987 0.752025 -0.658360 -0.031940 0.114391 -0.639506 -0.717035 -0.277294 0.266187 0.000000 0.000000 0.000000 1.000000
0.142002 0.236784 -0.961129 0.635987 0.787158 -0.615735 -0.035394 0.114391 -0.600182 -0.751534 -0.273822 0.266187 0.000000 0.000000 0.000000 1.000000
0.142002 0.236784 -0.961129 0.635987 0.787158 -0.615735 -0.035394 0.114391 -0.600182 -0.751534 -0.273822 0.266187 0.000000 0.000000 0.000000 1.000000
0.142002 0.236784 -0.961129 0.635987 0.787158 -0.615735 -0.035394 0.114391 -0.600182 -0.751534 -0.273822 0.266187 0.000000 0.000000 0.000000 1.000000
0.142002 0.236784 -0.961129 0.635987 0.787158 -0.615735 -0.035394 0.114391 -0.600182 -0.751534 -0.273822 0.266187 0.000000 0.000000 0.000000 1.000000
0.142002 0.236784 -0.961129 0.635987 0.787158 -0.615735 -0.035394 0.114391 -0.600182 -0.751534 -0.273822 0.266187 0.000000 0.000000 0.000000 1.000000</float_array><technique_common><accessor source="#jnt_left_shoulder-Matrix-animation-output-transform-array" count="10" stride="16"><param type="float4x4"/></accessor></technique_common></source><source id="jnt_left_shoulder-Interpolations"><Name_array id="jnt_left_shoulder-Interpolations-array" count="10">
 LINEAR LINEAR LINEAR LINEAR LINEAR LINEAR LINEAR LINEAR LINEAR LINEAR</Name_array><technique_common><accessor source="#jnt_left_shoulder-Interpolations-array" count="10"><param type="name"/></accessor></technique_common></source><sampler id="jnt_left_shoulder-Matrix-animation-transform"><input semantic="INPUT" source="#jnt_left_shoulder-Matrix-animation-input"/><input semantic="OUTPUT" source="#jnt_left_shoulder-Matrix-animation-output-transform"/><input semantic="INTERPOLATION" source="#jnt_left_shoulder-Interpolations"/></sampler><channel source="#jnt_left_shoulder-Matrix-animation-transform" target="jnt_left_shoulder/matrix"/></animation></animation>
    <animation id="jnt_left_arm-anim" name="jnt_left_arm"><animation><source id="jnt_left_arm-Matrix-animation-input"><float_array id="jnt_left_arm-Matrix-animation-input-array" count="10">

0.000000 0.033333 0.066667 0.100000 0.133333 0.166667 0.200000 0.233333 0.266667 0.300000</float_array><technique_common><accessor source="#jnt_left_arm-Matrix-animation-input-array" count="10"><param name="TIME" type="float"/></accessor></technique_common></source><source id="jnt_left_arm-Matrix-animation-output-transform"><float_array id="jnt_left_arm-Matrix-animation-output-transform-array" count="160">

0.131475 -0.474975 0.870122 -0.525417 0.303209 0.854944 0.420875 -0.032447 -0.943811 0.208494 0.256420 0.009492 0.000000 0.000000 0.000000 1.000000
0.170857 -0.481664 0.859539 -0.525417 0.251131 0.864843 0.434717 -0.032447 -0.952754 0.141583 0.268726 0.009491 0.000000 0.000000 0.000000 1.000000
0.250148 -0.502953 0.827324 -0.525417 0.215109 0.862004 0.458996 -0.032448 -0.944010 0.063147 0.323818 0.009491 0.000000 0.000000 0.000000 1.000000
0.329562 -0.522316 0.786496 -0.525417 0.303367 0.847442 0.435672 -0.032447 -0.894068 0.095016 0.437738 0.009491 0.000000 0.000000 0.000000 1.000000
0.372715 -0.520619 0.768140 -0.525417 0.465514 0.820990 0.330563 -0.032448 -0.802733 0.234374 0.548351 0.009491 0.000000 0.000000 0.000000 1.000000
0.382233 -0.513569 0.768209 -0.525417 0.546993 0.795789 0.259843 -0.032447 -0.744779 0.320885 0.585095 0.009491 0.000000 0.000000 0.000000 1.000000
0.380659 -0.518788 0.765478 -0.525417 0.544032 0.795021 0.268272 -0.032447 -0.747748 0.314324 0.584870 0.009491 0.000000 0.000000 0.000000 1.000000
0.377035 -0.530179 0.759444 -0.525417 0.537887 0.792854 0.286463 -0.032447 -0.754004 0.300488 0.584110 0.009491 0.000000 0.000000 0.000000 1.000000
0.373180 -0.541443 0.753377 -0.525417 0.532249 0.790061 0.304162 -0.032447 -0.759900 0.287477 0.583017 0.009491 0.000000 0.000000 0.000000 1.000000
0.371350 -0.546520 0.750610 -0.525417 0.529854 0.788597 0.312043 -0.032447 -0.762466 0.281837 0.582420 0.009491 0.000000 0.000000 0.000000 1.000000</float_array><technique_common><accessor source="#jnt_left_arm-Matrix-animation-output-transform-array" count="10" stride="16"><param type="float4x4"/></accessor></technique_common></source><source id="jnt_left_arm-Interpolations"><Name_array id="jnt_left_arm-Interpolations-array" count="10">
 LINEAR LINEAR LINEAR LINEAR LINEAR LINEAR LINEAR LINEAR LINEAR LINEAR</Name_array><technique_common><accessor source="#jnt_left_arm-Interpolations-array" count="10"><param type="name"/></accessor></technique_common></source><sampler id="jnt_left_arm-Matrix-animation-transform"><input semantic="INPUT" source="#jnt_left_arm-Matrix-animation-input"/><input semantic="OUTPUT" source="#jnt_left_arm-Matrix-animation-output-transform"/><input semantic="INTERPOLATION" source="#jnt_left_arm-Interpolations"/></sampler><channel source="#jnt_left_arm-Matrix-animation-transform" target="jnt_left_arm/matrix"/></animation></animation>
    <animation id="jnt_left_armroll-anim" name="jnt_left_armroll"><animation><source id="jnt_left_armroll-Matrix-animation-input"><float_array id="jnt_left_armroll-Matrix-animation-input-array" count="10">

0.000000 0.033333 0.066667 0.100000 0.133333 0.166667 0.200000 0.233333 0.266667 0.300000</float_array><technique_common><accessor source="#jnt_left_armroll-Matrix-animation-input-array" count="10"><param name="TIME" type="float"/></accessor></technique_common></source><source id="jnt_left_armroll-Matrix-animation-output-transform"><float_array id="jnt_left_armroll-Matrix-animation-output-transform-array" count="160">

1.000000 -0.000000 -0.000002 -0.421995 0.000000 1.000000 -0.000003 0.000001 0.000002 0.000003 1.000000 -0.000004 0.000000 0.000000 0.000000 1.000000
1.000000 -0.000000 -0.000002 -0.421995 0.000000 1.000000 -0.000002 0.000001 0.000002 0.000002 1.000000 -0.000004 0.000000 0.000000 0.000000 1.000000
1.000000 -0.000000 -0.000003 -0.421995 0.000000 1.000000 -0.000002 0.000001 0.000003 0.000002 1.000000 -0.000004 0.000000 0.000000 0.000000 1.000000
1.000000 -0.000000 -0.000004 -0.421995 0.000000 1.000000 -0.000002 0.000001 0.000004 0.000002 1.000000 -0.000004 0.000000 0.000000 0.000000 1.000000
1.000000 -0.000000 -0.000004 -0.421995 0.000000 1.000000 -0.000002 0.000001 0.000004 0.000002 1.000000 -0.000004 0.000000 0.000000 0.000000 1.000000
1.000000 -0.000000 -0.000005 -0.421995 0.000000 1.000000 -0.000002 0.000001 0.000005 0.000002 1.000000 -0.000004 0.000000 0.000000 0.000000 1.000000
1.000000 -0.000000 -0.000005 -0.421995 0.000000 1.000000 -0.000002 0.000001 0.000005 0.000002 1.000000 -0.000004 0.000000 0.000000 0.000000 1.000000
1.000000 -0.000000 -0.000005 -0.421995 0.000000 1.000000 -0.000002 0.000001 0.000005 0.000002 1.000000 -0.000004 0.000000 0.000000 0.000000 1.000000
1.000000 -0.000000 -0.000005 -0.421995 0.000000 1.000000 -0.000002 0.000001 0.000005 0.000002 1.000000 -0.000004 0.000000 0.000000 0.000000 1.000000
1.000000 -0.000000 -0.000005 -0.421995 0.000000 1.000000 -0.000002 0.000001 0.000005 0.000002 1.000000 -0.000004 0.000000 0.000000 0.000000 1.000000</float_array><technique_common><accessor source="#jnt_left_armroll-Matrix-animation-output-transform-array" count="10" stride="16"><param type="float4x4"/></accessor></technique_common></source><source id="jnt_left_armroll-Interpolations"><Name_array id="jnt_left_armroll-Interpolations-array" count="10">
 LINEAR LINEAR LINEAR LINEAR LINEAR LINEAR LINEAR LINEAR LINEAR LINEAR</Name_array><technique_common><accessor source="#jnt_left_armroll-Interpolations-array" count="10"><param type="name"/></accessor></technique_common></source><sampler id="jnt_left_armroll-Matrix-animation-transform"><input semantic="INPUT" source="#jnt_left_armroll-Matrix-animation-input"/><input semantic="OUTPUT" source="#jnt_left_armroll-Matrix-animation-output-transform"/><input semantic="INTERPOLATION" source="#jnt_left_armroll-Interpolations"/></sampler><channel source="#jnt_left_armroll-Matrix-animation-transform" target="jnt_left_armroll/matrix"/></animation></animation>
    <animation id="jnt_left_forearm-anim" name="jnt_left_forearm"><animation><source id="jnt_left_forearm-Matrix-animation-input"><float_array id="jnt_left_forearm-Matrix-animation-input-array" count="10">

0.000000 0.033333 0.066667 0.100000 0.133333 0.166667 0.200000 0.233333 0.266667 0.300000</float_array><technique_common><accessor source="#jnt_left_forearm-Matrix-animation-input-array" count="10"><param name="TIME" type="float"/></accessor></technique_common></source><source id="jnt_left_forearm-Matrix-animation-output-transform"><float_array id="jnt_left_forearm-Matrix-animation-output-transform-array" count="160">

0.576176 -0.750973 -0.322583 -0.843981 0.817278 0.525120 0.237289 0.000001 -0.008803 -0.400360 0.916315 0.000002 0.000000 0.000000 0.000000 1.000000
0.390457 -0.843210 -0.369513 -0.843981 0.920532 0.351989 0.169485 0.000001 -0.012847 -0.406325 0.913638 0.000002 0.000000 0.000000 0.000000 1.000000
0.019984 -0.912030 -0.409637 -0.843981 0.999613 0.010304 0.025824 0.000001 -0.019331 -0.409995 0.911883 0.000002 0.000000 0.000000 0.000000 1.000000
-0.286993 -0.871248 -0.398199 -0.843981 0.957665 -0.270779 -0.097760 0.000001 -0.022651 -0.409397 0.912075 0.000002 0.000000 0.000000 0.000000 1.000000
-0.428131 -0.818922 -0.382191 -0.843981 0.903410 -0.398854 -0.157375 0.000001 -0.023561 -0.412652 0.910584 0.000002 0.000000 0.000000 0.000000 1.000000
-0.454982 -0.805058 -0.380622 -0.843981 0.890178 -0.422687 -0.170058 0.000001 -0.023977 -0.416195 0.908959 0.000002 0.000000 0.000000 0.000000 1.000000
-0.449149 -0.808755 -0.379711 -0.843981 0.893135 -0.417822 -0.166535 0.000001 -0.023966 -0.413933 0.909992 0.000001 0.000000 0.000000 0.000000 1.000000
-0.435739 -0.816485 -0.378793 -0.843981 0.899755 -0.406325 -0.159189 0.000001 -0.023938 -0.410185 0.911688 0.000001 0.000000 0.000000 0.000000 1.000000
-0.421534 -0.822976 -0.380814 -0.843982 0.906498 -0.393499 -0.153038 0.000001 -0.023904 -0.409718 0.911899 0.000001 0.000000 0.000000 0.000000 1.000000
-0.414814 -0.822475 -0.389185 -0.843981 0.909593 -0.386054 -0.153635 0.000001 -0.023886 -0.417730 0.908257 0.000001 0.000000 0.000000 0.000000 1.000000</float_array><technique_common><accessor source="#jnt_left_forearm-Matrix-animation-output-transform-array" count="10" stride="16"><param type="float4x4"/></accessor></technique_common></source><source id="jnt_left_forearm-Interpolations"><Name_array id="jnt_left_forearm-Interpolations-array" count="10">
 LINEAR LINEAR LINEAR LINEAR LINEAR LINEAR LINEAR LINEAR LINEAR LINEAR</Name_array><technique_common><accessor source="#jnt_left_forearm-Interpolations-array" count="10"><param type="name"/></accessor></technique_common></source><sampler id="jnt_left_forearm-Matrix-animation-transform"><input semantic="INPUT" source="#jnt_left_forearm-Matrix-animation-input"/><input semantic="OUTPUT" source="#jnt_left_forearm-Matrix-animation-output-transform"/><input semantic="INTERPOLATION" source="#jnt_left_forearm-Interpolations"/></sampler><channel source="#jnt_left_forearm-Matrix-animation-transform" target="jnt_left_forearm/matrix"/></animation></animation>
    <animation id="jnt_left_forearmroll-anim" name="jnt_left_forearmroll"><animation><source id="jnt_left_forearmroll-Matrix-animation-input"><float_array id="jnt_left_forearmroll-Matrix-animation-input-array" count="10">

0.000000 0.033333 0.066667 0.100000 0.133333 0.166667 0.200000 0.233333 0.266667 0.300000</float_array><technique_common><accessor source="#jnt_left_forearmroll-Matrix-animation-input-array" count="10"><param name="TIME" type="float"/></accessor></technique_common></source><source id="jnt_left_forearmroll-Matrix-animation-output-transform"><float_array id="jnt_left_forearmroll-Matrix-animation-output-transform-array" count="160">

1.000000 -0.000005 0.000007 -0.487002 0.000003 0.961135 0.276078 -0.000000 -0.000008 -0.276078 0.961135 -0.000004 0.000000 0.000000 0.000000 1.000000
1.000000 -0.000005 0.000007 -0.487001 0.000003 0.958837 0.283958 -0.000000 -0.000008 -0.283958 0.958837 -0.000004 0.000000 0.000000 0.000000 1.000000
1.000000 -0.000004 0.000008 -0.487002 0.000002 0.960639 0.277799 0.000000 -0.000009 -0.277799 0.960639 -0.000004 0.000000 0.000000 0.000000 1.000000
1.000000 -0.000002 0.000009 -0.487002 0.000000 0.974142 0.225939 -0.000000 -0.000009 -0.225939 0.974142 -0.000004 0.000000 0.000000 0.000000 1.000000
1.000000 0.000002 0.000010 -0.487002 -0.000004 0.989999 0.141073 -0.000000 -0.000010 -0.141073 0.989999 -0.000004 0.000000 0.000000 0.000000 1.000000
1.000000 0.000005 0.000010 -0.487001 -0.000005 0.995436 0.095428 0.000000 -0.000010 -0.095428 0.995436 -0.000004 0.000000 0.000000 0.000000 1.000000
1.000000 0.000004 0.000010 -0.487002 -0.000005 0.994743 0.102404 -0.000000 -0.000010 -0.102404 0.994743 -0.000004 0.000000 0.000000 0.000000 1.000000
1.000000 0.000004 0.000010 -0.487001 -0.000005 0.993045 0.117734 0.000000 -0.000010 -0.117734 0.993045 -0.000004 0.000000 0.000000 0.000000 1.000000
1.000000 0.000003 0.000011 -0.487002 -0.000004 0.991111 0.133036 -0.000000 -0.000010 -0.133036 0.991111 -0.000004 0.000000 0.000000 0.000000 1.000000
1.000000 0.000003 0.000011 -0.487001 -0.000004 0.990154 0.139981 0.000000 -0.000011 -0.139981 0.990154 -0.000004 0.000000 0.000000 0.000000 1.000000</float_array><technique_common><accessor source="#jnt_left_forearmroll-Matrix-animation-output-transform-array" count="10" stride="16"><param type="float4x4"/></accessor></technique_common></source><source id="jnt_left_forearmroll-Interpolations"><Name_array id="jnt_left_forearmroll-Interpolations-array" count="10">
 LINEAR LINEAR LINEAR LINEAR LINEAR LINEAR LINEAR LINEAR LINEAR LINEAR</Name_array><technique_common><accessor source="#jnt_left_forearmroll-Interpolations-array" count="10"><param type="name"/></accessor></technique_common></source><sampler id="jnt_left_forearmroll-Matrix-animation-transform"><input semantic="INPUT" source="#jnt_left_forearmroll-Matrix-animation-input"/><input semantic="OUTPUT" source="#jnt_left_forearmroll-Matrix-animation-output-transform"/><input semantic="INTERPOLATION" source="#jnt_left_forearmroll-Interpolations"/></sampler><channel source="#jnt_left_forearmroll-Matrix-animation-transform" target="jnt_left_forearmroll/matrix"/></animation></animation>
    <animation id="jnt_left_hand-anim" name="jnt_left_hand"><animation><source id="jnt_left_hand-Matrix-animation-input"><float_array id="jnt_left_hand-Matrix-animation-input-array" count="10">

0.000000 0.033333 0.066667 0.100000 0.133333 0.166667 0.200000 0.233333 0.266667 0.300000</float_array><technique_common><accessor source="#jnt_left_hand-Matrix-animation-input-array" count="10"><param name="TIME" type="float"/></accessor></technique_common></source><source id="jnt_left_hand-Matrix-animation-output-transform"><float_array id="jnt_left_hand-Matrix-animation-output-transform-array" count="160">

0.941976 -0.048792 -0.332114 -0.975262 0.240604 0.788045 0.566652 -0.000001 0.234073 -0.613680 0.754060 0.000003 0.000000 0.000000 0.000000 1.000000
0.966366 -0.056367 -0.250918 -0.975262 0.201425 0.772508 0.602213 -0.000000 0.159891 -0.632499 0.757879 0.000003 0.000000 0.000000 0.000000 1.000000
0.991167 -0.096947 -0.090490 -0.975262 0.132212 0.775631 0.617185 0.000002 0.010353 -0.623697 0.781597 0.000004 0.000000 0.000000 0.000000 1.000000
0.987653 -0.144178 0.061271 -0.975262 0.091116 0.846844 0.523977 0.000002 -0.127433 -0.511925 0.849526 0.000003 0.000000 0.000000 0.000000 1.000000
0.975011 -0.160312 0.153800 -0.975262 0.100086 0.935037 0.340130 0.000003 -0.198336 -0.316237 0.927716 0.000004 0.000000 0.000000 0.000000 1.000000
0.970329 -0.162533 0.179009 -0.975262 0.118257 0.964783 0.234966 0.000003 -0.210894 -0.206825 0.955378 0.000004 0.000000 0.000000 0.000000 1.000000
0.971305 -0.167473 0.168876 -0.975262 0.121784 0.960115 0.251690 0.000003 -0.204292 -0.223902 0.952960 0.000004 0.000000 0.000000 0.000000 1.000000
0.973134 -0.177879 0.146184 -0.975262 0.130165 0.948755 0.287959 0.000003 -0.189915 -0.261195 0.946419 0.000004 0.000000 0.000000 0.000000 1.000000
0.974513 -0.187754 0.122770 -0.975262 0.139569 0.935903 0.323430 0.000003 -0.175626 -0.298052 0.938254 0.000005 0.000000 0.000000 0.000000 1.000000
0.974896 -0.192954 0.111116 -0.975262 0.145286 0.929411 0.339244 0.000003 -0.168731 -0.314584 0.934113 0.000004 0.000000 0.000000 0.000000 1.000000</float_array><technique_common><accessor source="#jnt_left_hand-Matrix-animation-output-transform-array" count="10" stride="16"><param type="float4x4"/></accessor></technique_common></source><source id="jnt_left_hand-Interpolations"><Name_array id="jnt_left_hand-Interpolations-array" count="10">
 LINEAR LINEAR LINEAR LINEAR LINEAR LINEAR LINEAR LINEAR LINEAR LINEAR</Name_array><technique_common><accessor source="#jnt_left_hand-Interpolations-array" count="10"><param type="name"/></accessor></technique_common></source><sampler id="jnt_left_hand-Matrix-animation-transform"><input semantic="INPUT" source="#jnt_left_hand-Matrix-animation-input"/><input semantic="OUTPUT" source="#jnt_left_hand-Matrix-animation-output-transform"/><input semantic="INTERPOLATION" source="#jnt_left_hand-Interpolations"/></sampler><channel source="#jnt_left_hand-Matrix-animation-transform" target="jnt_left_hand/matrix"/></animation></animation>
    <animation id="jnt_left_handthumb1-anim" name="jnt_left_handthumb1"><animation><source id="jnt_left_handthumb1-Matrix-animation-input"><float_array id="jnt_left_handthumb1-Matrix-animation-input-array" count="10">

0.000000 0.033333 0.066667 0.100000 0.133333 0.166667 0.200000 0.233333 0.266667 0.300000</float_array><technique_common><accessor source="#jnt_left_handthumb1-Matrix-animation-input-array" count="10"><param name="TIME" type="float"/></accessor></technique_common></source><source id="jnt_left_handthumb1-Matrix-animation-output-transform"><float_array id="jnt_left_handthumb1-Matrix-animation-output-transform-array" count="160">

0.801420 -0.583360 0.131976 -0.060229 0.332984 0.618478 0.711763 -0.203939 -0.496838 -0.526475 0.689910 0.155678 0.000000 0.000000 0.000000 1.000000
0.801420 -0.583360 0.131976 -0.060229 0.332984 0.618478 0.711763 -0.203939 -0.496838 -0.526475 0.689910 0.155678 0.000000 0.000000 0.000000 1.000000
0.801420 -0.583360 0.131976 -0.060229 0.332984 0.618478 0.711763 -0.203939 -0.496838 -0.526475 0.689910 0.155678 0.000000 0.000000 0.000000 1.000000
0.801419 -0.583361 0.131976 -0.060229 0.332985 0.618478 0.711763 -0.203939 -0.496839 -0.526474 0.689910 0.155678 0.000000 0.000000 0.000000 1.000000
0.801418 -0.583362 0.131976 -0.060229 0.332986 0.618478 0.711763 -0.203939 -0.496839 -0.526474 0.689910 0.155678 0.000000 0.000000 0.000000 1.000000
0.801419 -0.583361 0.131977 -0.060229 0.332985 0.618479 0.711762 -0.203939 -0.496839 -0.526473 0.689911 0.155678 0.000000 0.000000 0.000000 1.000000
0.801418 -0.583362 0.131976 -0.060229 0.332986 0.618478 0.711763 -0.203939 -0.496839 -0.526474 0.689910 0.155678 0.000000 0.000000 0.000000 1.000000
0.801418 -0.583362 0.131976 -0.060229 0.332986 0.618478 0.711763 -0.203939 -0.496839 -0.526474 0.689910 0.155678 0.000000 0.000000 0.000000 1.000000
0.801418 -0.583361 0.131976 -0.060229 0.332985 0.618479 0.711762 -0.203939 -0.496839 -0.526473 0.689911 0.155678 0.000000 0.000000 0.000000 1.000000
0.801419 -0.583362 0.131976 -0.060229 0.332985 0.618478 0.711763 -0.203939 -0.496839 -0.526474 0.689910 0.155678 0.000000 0.000000 0.000000 1.000000</float_array><technique_common><accessor source="#jnt_left_handthumb1-Matrix-animation-output-transform-array" count="10" stride="16"><param type="float4x4"/></accessor></technique_common></source><source id="jnt_left_handthumb1-Interpolations"><Name_array id="jnt_left_handthumb1-Interpolations-array" count="10">
 LINEAR LINEAR LINEAR LINEAR LINEAR LINEAR LINEAR LINEAR LINEAR LINEAR</Name_array><technique_common><accessor source="#jnt_left_handthumb1-Interpolations-array" count="10"><param type="name"/></accessor></technique_common></source><sampler id="jnt_left_handthumb1-Matrix-animation-transform"><input semantic="INPUT" source="#jnt_left_handthumb1-Matrix-animation-input"/><input semantic="OUTPUT" source="#jnt_left_handthumb1-Matrix-animation-output-transform"/><input semantic="INTERPOLATION" source="#jnt_left_handthumb1-Interpolations"/></sampler><channel source="#jnt_left_handthumb1-Matrix-animation-transform" target="jnt_left_handthumb1/matrix"/></animation></animation>
