<?xml version="1.0" encoding="utf-8"?>
<COLLADA xmlns="http://www.collada.org/2005/11/COLLADASchema" version="1.4.1">
  <asset><contributor><author></author><authoring_tool>FBX COLLADA exporter</authoring_tool><comments></comments></contributor><created>2018-04-13T15:09:00Z</created><keywords></keywords><modified>2018-04-13T15:09:00Z</modified><revision></revision><subject></subject><title></title><unit meter="0.010000" name="centimeter"></unit><up_axis>Y_UP</up_axis></asset>
  <library_animations>
    <animation id="jnt_hips-anim" name="jnt_hips"><animation><source id="jnt_hips-Matrix-animation-input"><float_array id="jnt_hips-Matrix-animation-input-array" count="8">

0.000000 0.033333 0.066667 0.100000 0.133333 0.166667 0.200000 0.233333</float_array><technique_common><accessor source="#jnt_hips-Matrix-animation-input-array" count="8"><param name="TIME" type="float"/></accessor></technique_common></source><source id="jnt_hips-Matrix-animation-output-transform"><float_array id="jnt_hips-Matrix-animation-output-transform-array" count="128">

1.000000 0.000000 0.000000 -0.000000 0.000000 1.000000 0.000000 2.061423 0.000000 0.000000 1.000000 -0.094053 0.000000 0.000000 0.000000 1.000000
1.000000 0.000000 0.000000 -0.000000 0.000000 1.000000 0.000000 2.061423 0.000000 0.000000 1.000000 -0.094053 0.000000 0.000000 0.000000 1.000000
1.000000 0.000000 0.000000 -0.000000 0.000000 1.000000 0.000000 2.061423 0.000000 0.000000 1.000000 -0.094053 0.000000 0.000000 0.000000 1.000000
1.000000 0.000000 0.000000 -0.000000 0.000000 1.000000 0.000000 2.061423 0.000000 0.000000 1.000000 -0.094053 0.000000 0.000000 0.000000 1.000000
1.000000 0.000000 0.000000 -0.000000 0.000000 1.000000 0.000000 2.061423 0.000000 0.000000 1.000000 -0.094053 0.000000 0.000000 0.000000 1.000000
1.000000 0.000000 0.000000 -0.000000 0.000000 1.000000 0.000000 2.061423 0.000000 0.000000 1.000000 -0.094053 0.000000 0.000000 0.000000 1.000000
1.000000 0.000000 0.000000 -0.000000 0.000000 1.000000 0.000000 2.061423 0.000000 0.000000 1.000000 -0.094053 0.000000 0.000000 0.000000 1.000000
1.000000 0.000000 0.000000 -0.000000 0.000000 1.000000 0.000000 2.061423 0.000000 0.000000 1.000000 -0.094053 0.000000 0.000000 0.000000 1.000000</float_array><technique_common><accessor source="#jnt_hips-Matrix-animation-output-transform-array" count="8" stride="16"><param type="float4x4"/></accessor></technique_common></source><source id="jnt_hips-Interpolations"><Name_array id="jnt_hips-Interpolations-array" count="8">
 LINEAR LINEAR LINEAR LINEAR LINEAR LINEAR LINEAR LINEAR</Name_array><technique_common><accessor source="#jnt_hips-Interpolations-array" count="8"><param type="name"/></accessor></technique_common></source><sampler id="jnt_hips-Matrix-animation-transform"><input semantic="INPUT" source="#jnt_hips-Matrix-animation-input"/><input semantic="OUTPUT" source="#jnt_hips-Matrix-animation-output-transform"/><input semantic="INTERPOLATION" source="#jnt_hips-Interpolations"/></sampler><channel source="#jnt_hips-Matrix-animation-transform" target="jnt_hips/matrix"/></animation></animation>
    <animation id="jnt_spine1-anim" name="jnt_spine1"><animation><source id="jnt_spine1-Matrix-animation-input"><float_array id="jnt_spine1-Matrix-animation-input-array" count="8">

0.000000 0.033333 0.066667 0.100000 0.133333 0.166667 0.200000 0.233333</float_array><technique_common><accessor source="#jnt_spine1-Matrix-animation-input-array" count="8"><param name="TIME" type="float"/></accessor></technique_common></source><source id="jnt_spine1-Matrix-animation-output-transform"><float_array id="jnt_spine1-Matrix-animation-output-transform-array" count="128">

0.000000 -0.000000 1.000000 -0.000000 0.999927 -0.012060 -0.000000 0.212132 0.012060 0.999927 0.000000 0.023482 0.000000 0.000000 0.000000 1.000000
0.000000 -0.000000 1.000000 -0.000000 0.999927 -0.012060 -0.000000 0.212132 0.012060 0.999927 0.000000 0.023482 0.000000 0.000000 0.000000 1.000000
0.000000 -0.000000 1.000000 -0.000000 0.999927 -0.012060 -0.000000 0.212132 0.012060 0.999927 0.000000 0.023482 0.000000 0.000000 0.000000 1.000000
0.000000 -0.000000 1.000000 -0.000000 0.999927 -0.012060 -0.000000 0.212132 0.012060 0.999927 0.000000 0.023482 0.000000 0.000000 0.000000 1.000000
0.000000 -0.000000 1.000000 -0.000000 0.999927 -0.012060 -0.000000 0.212132 0.012060 0.999927 0.000000 0.023482 0.000000 0.000000 0.000000 1.000000
0.000000 -0.000000 1.000000 -0.000000 0.999927 -0.012060 -0.000000 0.212132 0.012060 0.999927 0.000000 0.023482 0.000000 0.000000 0.000000 1.000000
0.000000 -0.000000 1.000000 -0.000000 0.999927 -0.012060 -0.000000 0.212132 0.012060 0.999927 0.000000 0.023482 0.000000 0.000000 0.000000 1.000000
0.000000 -0.000000 1.000000 -0.000000 0.999927 -0.012060 -0.000000 0.212132 0.012060 0.999927 0.000000 0.023482 0.000000 0.000000 0.000000 1.000000</float_array><technique_common><accessor source="#jnt_spine1-Matrix-animation-output-transform-array" count="8" stride="16"><param type="float4x4"/></accessor></technique_common></source><source id="jnt_spine1-Interpolations"><Name_array id="jnt_spine1-Interpolations-array" count="8">
 LINEAR LINEAR LINEAR LINEAR LINEAR LINEAR LINEAR LINEAR</Name_array><technique_common><accessor source="#jnt_spine1-Interpolations-array" count="8"><param type="name"/></accessor></technique_common></source><sampler id="jnt_spine1-Matrix-animation-transform"><input semantic="INPUT" source="#jnt_spine1-Matrix-animation-input"/><input semantic="OUTPUT" source="#jnt_spine1-Matrix-animation-output-transform"/><input semantic="INTERPOLATION" source="#jnt_spine1-Interpolations"/></sampler><channel source="#jnt_spine1-Matrix-animation-transform" target="jnt_spine1/matrix"/></animation></animation>
    <animation id="jnt_spine2-anim" name="jnt_spine2"><animation><source id="jnt_spine2-Matrix-animation-input"><float_array id="jnt_spine2-Matrix-animation-input-array" count="8">

0.000000 0.033333 0.066667 0.100000 0.133333 0.166667 0.200000 0.233333</float_array><technique_common><accessor source="#jnt_spine2-Matrix-animation-input-array" count="8"><param name="TIME" type="float"/></accessor></technique_common></source><source id="jnt_spine2-Matrix-animation-output-transform"><float_array id="jnt_spine2-Matrix-animation-output-transform-array" count="128">

0.998735 0.050292 0.000000 0.426848 -0.050292 0.998735 0.000000 -0.000000 0.000000 -0.000000 1.000000 -0.000000 0.000000 0.000000 0.000000 1.000000
0.998735 0.050292 0.000000 0.426848 -0.050292 0.998735 0.000000 -0.000000 0.000000 -0.000000 1.000000 -0.000000 0.000000 0.000000 0.000000 1.000000
0.998735 0.050292 0.000000 0.426848 -0.050292 0.998735 0.000000 -0.000000 0.000000 -0.000000 1.000000 -0.000000 0.000000 0.000000 0.000000 1.000000
0.998735 0.050292 0.000000 0.426848 -0.050292 0.998735 0.000000 -0.000000 0.000000 -0.000000 1.000000 -0.000000 0.000000 0.000000 0.000000 1.000000
0.998735 0.050292 0.000000 0.426848 -0.050292 0.998735 0.000000 -0.000000 0.000000 -0.000000 1.000000 -0.000000 0.000000 0.000000 0.000000 1.000000
0.998735 0.050292 0.000000 0.426848 -0.050292 0.998735 0.000000 -0.000000 0.000000 -0.000000 1.000000 -0.000000 0.000000 0.000000 0.000000 1.000000
0.998735 0.050292 0.000000 0.426848 -0.050292 0.998735 0.000000 -0.000000 0.000000 -0.000000 1.000000 -0.000000 0.000000 0.000000 0.000000 1.000000
0.998735 0.050292 0.000000 0.426848 -0.050292 0.998735 0.000000 -0.000000 0.000000 -0.000000 1.000000 -0.000000 0.000000 0.000000 0.000000 1.000000</float_array><technique_common><accessor source="#jnt_spine2-Matrix-animation-output-transform-array" count="8" stride="16"><param type="float4x4"/></accessor></technique_common></source><source id="jnt_spine2-Interpolations"><Name_array id="jnt_spine2-Interpolations-array" count="8">
 LINEAR LINEAR LINEAR LINEAR LINEAR LINEAR LINEAR LINEAR</Name_array><technique_common><accessor source="#jnt_spine2-Interpolations-array" count="8"><param type="name"/></accessor></technique_common></source><sampler id="jnt_spine2-Matrix-animation-transform"><input semantic="INPUT" source="#jnt_spine2-Matrix-animation-input"/><input semantic="OUTPUT" source="#jnt_spine2-Matrix-animation-output-transform"/><input semantic="INTERPOLATION" source="#jnt_spine2-Interpolations"/></sampler><channel source="#jnt_spine2-Matrix-animation-transform" target="jnt_spine2/matrix"/></animation></animation>
    <animation id="jnt_spine3-anim" name="jnt_spine3"><animation><source id="jnt_spine3-Matrix-animation-input"><float_array id="jnt_spine3-Matrix-animation-input-array" count="8">

0.000000 0.033333 0.066667 0.100000 0.133333 0.166667 0.200000 0.233333</float_array><technique_common><accessor source="#jnt_spine3-Matrix-animation-input-array" count="8"><param name="TIME" type="float"/></accessor></technique_common></source><source id="jnt_spine3-Matrix-animation-output-transform"><float_array id="jnt_spine3-Matrix-animation-output-transform-array" count="128">

0.998134 0.061061 -0.000000 0.555067 -0.061061 0.998134 0.000000 -0.000000 0.000000 -0.000000 1.000000 -0.000000 0.000000 0.000000 0.000000 1.000000
0.998134 0.061061 -0.000000 0.555067 -0.061061 0.998134 0.000000 -0.000000 0.000000 -0.000000 1.000000 -0.000000 0.000000 0.000000 0.000000 1.000000
0.998134 0.061061 -0.000000 0.555067 -0.061061 0.998134 0.000000 -0.000000 0.000000 -0.000000 1.000000 -0.000000 0.000000 0.000000 0.000000 1.000000
0.998134 0.061061 -0.000000 0.555067 -0.061061 0.998134 0.000000 -0.000000 0.000000 -0.000000 1.000000 -0.000000 0.000000 0.000000 0.000000 1.000000
0.998134 0.061061 -0.000000 0.555067 -0.061061 0.998134 0.000000 -0.000000 0.000000 -0.000000 1.000000 -0.000000 0.000000 0.000000 0.000000 1.000000
0.998134 0.061061 -0.000000 0.555067 -0.061061 0.998134 0.000000 -0.000000 0.000000 -0.000000 1.000000 -0.000000 0.000000 0.000000 0.000000 1.000000
0.998134 0.061061 -0.000000 0.555067 -0.061061 0.998134 0.000000 -0.000000 0.000000 -0.000000 1.000000 -0.000000 0.000000 0.000000 0.000000 1.000000
0.998134 0.061061 -0.000000 0.555067 -0.061061 0.998134 0.000000 -0.000000 0.000000 -0.000000 1.000000 -0.000000 0.000000 0.000000 0.000000 1.000000</float_array><technique_common><accessor source="#jnt_spine3-Matrix-animation-output-transform-array" count="8" stride="16"><param type="float4x4"/></accessor></technique_common></source><source id="jnt_spine3-Interpolations"><Name_array id="jnt_spine3-Interpolations-array" count="8">
 LINEAR LINEAR LINEAR LINEAR LINEAR LINEAR LINEAR LINEAR</Name_array><technique_common><accessor source="#jnt_spine3-Interpolations-array" count="8"><param type="name"/></accessor></technique_common></source><sampler id="jnt_spine3-Matrix-animation-transform"><input semantic="INPUT" source="#jnt_spine3-Matrix-animation-input"/><input semantic="OUTPUT" source="#jnt_spine3-Matrix-animation-output-transform"/><input semantic="INTERPOLATION" source="#jnt_spine3-Interpolations"/></sampler><channel source="#jnt_spine3-Matrix-animation-transform" target="jnt_spine3/matrix"/></animation></animation>
    <animation id="jnt_neck-anim" name="jnt_neck"><animation><source id="jnt_neck-Matrix-animation-input"><float_array id="jnt_neck-Matrix-animation-input-array" count="8">

0.000000 0.033333 0.066667 0.100000 0.133333 0.166667 0.200000 0.233333</float_array><technique_common><accessor source="#jnt_neck-Matrix-animation-input-array" count="8"><param name="TIME" type="float"/></accessor></technique_common></source><source id="jnt_neck-Matrix-animation-output-transform"><float_array id="jnt_neck-Matrix-animation-output-transform-array" count="128">

0.958992 -0.283434 0.000000 0.867450 0.283434 0.958992 0.000000 0.171570 0.000000 -0.000000 1.000000 -0.000000 0.000000 0.000000 0.000000 1.000000
0.958992 -0.283434 0.000000 0.867450 0.283434 0.958992 0.000000 0.171570 0.000000 -0.000000 1.000000 -0.000000 0.000000 0.000000 0.000000 1.000000
0.958992 -0.283434 0.000000 0.867450 0.283434 0.958992 0.000000 0.171570 0.000000 -0.000000 1.000000 -0.000000 0.000000 0.000000 0.000000 1.000000
0.958992 -0.283434 0.000000 0.867450 0.283434 0.958992 0.000000 0.171570 0.000000 -0.000000 1.000000 -0.000000 0.000000 0.000000 0.000000 1.000000
0.958992 -0.283434 0.000000 0.867450 0.283434 0.958992 0.000000 0.171570 0.000000 -0.000000 1.000000 -0.000000 0.000000 0.000000 0.000000 1.000000
0.958992 -0.283434 0.000000 0.867450 0.283434 0.958992 0.000000 0.171570 0.000000 -0.000000 1.000000 -0.000000 0.000000 0.000000 0.000000 1.000000
0.958992 -0.283434 0.000000 0.867450 0.283434 0.958992 0.000000 0.171570 0.000000 -0.000000 1.000000 -0.000000 0.000000 0.000000 0.000000 1.000000
0.958992 -0.283434 0.000000 0.867450 0.283434 0.958992 0.000000 0.171570 0.000000 -0.000000 1.000000 -0.000000 0.000000 0.000000 0.000000 1.000000</float_array><technique_common><accessor source="#jnt_neck-Matrix-animation-output-transform-array" count="8" stride="16"><param type="float4x4"/></accessor></technique_common></source><source id="jnt_neck-Interpolations"><Name_array id="jnt_neck-Interpolations-array" count="8">
 LINEAR LINEAR LINEAR LINEAR LINEAR LINEAR LINEAR LINEAR</Name_array><technique_common><accessor source="#jnt_neck-Interpolations-array" count="8"><param type="name"/></accessor></technique_common></source><sampler id="jnt_neck-Matrix-animation-transform"><input semantic="INPUT" source="#jnt_neck-Matrix-animation-input"/><input semantic="OUTPUT" source="#jnt_neck-Matrix-animation-output-transform"/><input semantic="INTERPOLATION" source="#jnt_neck-Interpolations"/></sampler><channel source="#jnt_neck-Matrix-animation-transform" target="jnt_neck/matrix"/></animation></animation>
    <animation id="jnt_head-anim" name="jnt_head"><animation><source id="jnt_head-Matrix-animation-input"><float_array id="jnt_head-Matrix-animation-input-array" count="8">

0.000000 0.033333 0.066667 0.100000 0.133333 0.166667 0.200000 0.233333</float_array><technique_common><accessor source="#jnt_head-Matrix-animation-input-array" count="8"><param name="TIME" type="float"/></accessor></technique_common></source><source id="jnt_head-Matrix-animation-output-transform"><float_array id="jnt_head-Matrix-animation-output-transform-array" count="128">

0.982376 0.186916 0.000000 0.273591 -0.186916 0.982376 0.000000 -0.000000 0.000000 0.000000 1.000000 -0.000000 0.000000 0.000000 0.000000 1.000000
0.982376 0.186916 0.000000 0.273591 -0.186916 0.982376 0.000000 -0.000000 0.000000 0.000000 1.000000 -0.000000 0.000000 0.000000 0.000000 1.000000
0.982376 0.186916 0.000000 0.273591 -0.186916 0.982376 0.000000 -0.000000 0.000000 0.000000 1.000000 -0.000000 0.000000 0.000000 0.000000 1.000000
0.982376 0.186916 0.000000 0.273591 -0.186916 0.982376 0.000000 -0.000000 0.000000 0.000000 1.000000 -0.000000 0.000000 0.000000 0.000000 1.000000
0.982376 0.186916 0.000000 0.273591 -0.186916 0.982376 0.000000 -0.000000 0.000000 0.000000 1.000000 -0.000000 0.000000 0.000000 0.000000 1.000000
0.982376 0.186916 0.000000 0.273591 -0.186916 0.982376 0.000000 -0.000000 0.000000 0.000000 1.000000 -0.000000 0.000000 0.000000 0.000000 1.000000
0.982376 0.186916 0.000000 0.273591 -0.186916 0.982376 0.000000 -0.000000 0.000000 0.000000 1.000000 -0.000000 0.000000 0.000000 0.000000 1.000000
0.982376 0.186916 0.000000 0.273591 -0.186916 0.982376 0.000000 -0.000000 0.000000 0.000000 1.000000 -0.000000 0.000000 0.000000 0.000000 1.000000</float_array><technique_common><accessor source="#jnt_head-Matrix-animation-output-transform-array" count="8" stride="16"><param type="float4x4"/></accessor></technique_common></source><source id="jnt_head-Interpolations"><Name_array id="jnt_head-Interpolations-array" count="8">
 LINEAR LINEAR LINEAR LINEAR LINEAR LINEAR LINEAR LINEAR</Name_array><technique_common><accessor source="#jnt_head-Interpolations-array" count="8"><param type="name"/></accessor></technique_common></source><sampler id="jnt_head-Matrix-animation-transform"><input semantic="INPUT" source="#jnt_head-Matrix-animation-input"/><input semantic="OUTPUT" source="#jnt_head-Matrix-animation-output-transform"/><input semantic="INTERPOLATION" source="#jnt_head-Interpolations"/></sampler><channel source="#jnt_head-Matrix-animation-transform" target="jnt_head/matrix"/></animation></animation>
    <animation id="jnt_left_shoulder-anim" name="jnt_left_shoulder"><animation><source id="jnt_left_shoulder-Matrix-animation-input"><float_array id="jnt_left_shoulder-Matrix-animation-input-array" count="8">

0.000000 0.033333 0.066667 0.100000 0.133333 0.166667 0.200000 0.233333</float_array><technique_common><accessor source="#jnt_left_shoulder-Matrix-animation-input-array" count="8"><param name="TIME" type="float"/></accessor></technique_common></source><source id="jnt_left_shoulder-Matrix-animation-output-transform"><float_array id="jnt_left_shoulder-Matrix-animation-output-transform-array" count="128">

0.142002 0.236784 -0.961129 0.635987 0.787158 -0.615735 -0.035394 0.114391 -0.600182 -0.751534 -0.273822 0.266187 0.000000 0.000000 0.000000 1.000000
0.151430 0.232770 -0.960670 0.635987 0.768739 -0.638681 -0.033576 0.114391 -0.621377 -0.733420 -0.275654 0.266187 0.000000 0.000000 0.000000 1.000000
0.175460 0.220800 -0.959407 0.635987 0.718189 -0.695257 -0.028663 0.114391 -0.673363 -0.684007 -0.280566 0.266187 0.000000 0.000000 0.000000 1.000000
0.207336 0.200692 -0.957462 0.635987 0.642400 -0.766069 -0.021464 0.114391 -0.737790 -0.610624 -0.287758 0.266187 0.000000 0.000000 0.000000 1.000000
0.240185 0.173979 -0.955009 0.635987 0.551928 -0.833789 -0.013086 0.114391 -0.798553 -0.523953 -0.296287 0.266187 0.000000 0.000000 0.000000 1.000000
0.268021 0.145239 -0.952402 0.635987 0.462602 -0.886552 -0.005014 0.114391 -0.845082 -0.439240 -0.304803 0.266187 0.000000 0.000000 0.000000 1.000000
0.286666 0.121804 -0.950256 0.635987 0.394033 -0.919096 0.001059 0.114391 -0.873248 -0.374735 -0.311468 0.266187 0.000000 0.000000 0.000000 1.000000
0.293457 0.112196 -0.949366 0.635987 0.366804 -0.930292 0.003440 0.114391 -0.882801 -0.349241 -0.314154 0.266187 0.000000 0.000000 0.000000 1.000000</float_array><technique_common><accessor source="#jnt_left_shoulder-Matrix-animation-output-transform-array" count="8" stride="16"><param type="float4x4"/></accessor></technique_common></source><source id="jnt_left_shoulder-Interpolations"><Name_array id="jnt_left_shoulder-Interpolations-array" count="8">
 LINEAR LINEAR LINEAR LINEAR LINEAR LINEAR LINEAR LINEAR</Name_array><technique_common><accessor source="#jnt_left_shoulder-Interpolations-array" count="8"><param type="name"/></accessor></technique_common></source><sampler id="jnt_left_shoulder-Matrix-animation-transform"><input semantic="INPUT" source="#jnt_left_shoulder-Matrix-animation-input"/><input semantic="OUTPUT" source="#jnt_left_shoulder-Matrix-animation-output-transform"/><input semantic="INTERPOLATION" source="#jnt_left_shoulder-Interpolations"/></sampler><channel source="#jnt_left_shoulder-Matrix-animation-transform" target="jnt_left_shoulder/matrix"/></animation></animation>
    <animation id="jnt_left_arm-anim" name="jnt_left_arm"><animation><source id="jnt_left_arm-Matrix-animation-input"><float_array id="jnt_left_arm-Matrix-animation-input-array" count="8">

0.000000 0.033333 0.066667 0.100000 0.133333 0.166667 0.200000 0.233333</float_array><technique_common><accessor source="#jnt_left_arm-Matrix-animation-input-array" count="8"><param name="TIME" type="float"/></accessor></technique_common></source><source id="jnt_left_arm-Matrix-animation-output-transform"><float_array id="jnt_left_arm-Matrix-animation-output-transform-array" count="128">

0.371350 -0.546520 0.750610 -0.525417 0.529854 0.788597 0.312043 -0.032447 -0.762466 0.281837 0.582420 0.009491 0.000000 0.000000 0.000000 1.000000
0.367074 -0.548319 0.751401 -0.525417 0.489741 0.800689 0.345038 -0.032448 -0.790829 0.241337 0.562446 0.009491 0.000000 0.000000 0.000000 1.000000
0.349400 -0.548475 0.759668 -0.525417 0.393401 0.821716 0.412333 -0.032448 -0.850385 0.154785 0.502878 0.009491 0.000000 0.000000 0.000000 1.000000
0.311062 -0.538901 0.782832 -0.525417 0.290603 0.838177 0.461529 -0.032447 -0.904870 0.083929 0.417332 0.009491 0.000000 0.000000 0.000000 1.000000
0.255996 -0.518760 0.815693 -0.525417 0.231429 0.852161 0.469321 -0.032447 -0.938566 0.068631 0.338205 0.009491 0.000000 0.000000 0.000000 1.000000
0.198438 -0.496084 0.845295 -0.525418 0.233894 0.861497 0.450685 -0.032447 -0.951796 0.108277 0.286984 0.009492 0.000000 0.000000 0.000000 1.000000
0.151788 -0.480299 0.863871 -0.525416 0.275666 0.859890 0.429649 -0.032447 -0.949193 0.172925 0.262924 0.009491 0.000000 0.000000 0.000000 1.000000
0.131475 -0.474975 0.870122 -0.525417 0.303209 0.854944 0.420875 -0.032447 -0.943811 0.208494 0.256420 0.009492 0.000000 0.000000 0.000000 1.000000</float_array><technique_common><accessor source="#jnt_left_arm-Matrix-animation-output-transform-array" count="8" stride="16"><param type="float4x4"/></accessor></technique_common></source><source id="jnt_left_arm-Interpolations"><Name_array id="jnt_left_arm-Interpolations-array" count="8">
 LINEAR LINEAR LINEAR LINEAR LINEAR LINEAR LINEAR LINEAR</Name_array><technique_common><accessor source="#jnt_left_arm-Interpolations-array" count="8"><param type="name"/></accessor></technique_common></source><sampler id="jnt_left_arm-Matrix-animation-transform"><input semantic="INPUT" source="#jnt_left_arm-Matrix-animation-input"/><input semantic="OUTPUT" source="#jnt_left_arm-Matrix-animation-output-transform"/><input semantic="INTERPOLATION" source="#jnt_left_arm-Interpolations"/></sampler><channel source="#jnt_left_arm-Matrix-animation-transform" target="jnt_left_arm/matrix"/></animation></animation>
    <animation id="jnt_left_armroll-anim" name="jnt_left_armroll"><animation><source id="jnt_left_armroll-Matrix-animation-input"><float_array id="jnt_left_armroll-Matrix-animation-input-array" count="8">

0.000000 0.033333 0.066667 0.100000 0.133333 0.166667 0.200000 0.233333</float_array><technique_common><accessor source="#jnt_left_armroll-Matrix-animation-input-array" count="8"><param name="TIME" type="float"/></accessor></technique_common></source><source id="jnt_left_armroll-Matrix-animation-output-transform"><float_array id="jnt_left_armroll-Matrix-animation-output-transform-array" count="128">

1.000000 -0.000000 -0.000005 -0.421995 0.000000 1.000000 -0.000002 0.000001 0.000005 0.000002 1.000000 -0.000004 0.000000 0.000000 0.000000 1.000000
1.000000 -0.000000 -0.000005 -0.421995 -0.000000 1.000000 -0.000002 0.000001 0.000005 0.000002 1.000000 -0.000004 0.000000 0.000000 0.000000 1.000000
1.000000 -0.000000 -0.000005 -0.421995 0.000000 1.000000 -0.000002 0.000001 0.000005 0.000002 1.000000 -0.000004 0.000000 0.000000 0.000000 1.000000
1.000000 -0.000000 -0.000004 -0.421995 -0.000000 1.000000 -0.000002 0.000001 0.000004 0.000002 1.000000 -0.000004 0.000000 0.000000 0.000000 1.000000
1.000000 -0.000000 -0.000003 -0.421995 0.000000 1.000000 -0.000002 0.000001 0.000003 0.000002 1.000000 -0.000004 0.000000 0.000000 0.000000 1.000000
1.000000 -0.000000 -0.000003 -0.421995 -0.000000 1.000000 -0.000002 0.000001 0.000003 0.000002 1.000000 -0.000004 0.000000 0.000000 0.000000 1.000000
1.000000 -0.000000 -0.000002 -0.421995 -0.000000 1.000000 -0.000002 0.000001 0.000002 0.000002 1.000000 -0.000004 0.000000 0.000000 0.000000 1.000000
1.000000 -0.000000 -0.000002 -0.421995 0.000000 1.000000 -0.000003 0.000001 0.000002 0.000003 1.000000 -0.000004 0.000000 0.000000 0.000000 1.000000</float_array><technique_common><accessor source="#jnt_left_armroll-Matrix-animation-output-transform-array" count="8" stride="16"><param type="float4x4"/></accessor></technique_common></source><source id="jnt_left_armroll-Interpolations"><Name_array id="jnt_left_armroll-Interpolations-array" count="8">
 LINEAR LINEAR LINEAR LINEAR LINEAR LINEAR LINEAR LINEAR</Name_array><technique_common><accessor source="#jnt_left_armroll-Interpolations-array" count="8"><param type="name"/></accessor></technique_common></source><sampler id="jnt_left_armroll-Matrix-animation-transform"><input semantic="INPUT" source="#jnt_left_armroll-Matrix-animation-input"/><input semantic="OUTPUT" source="#jnt_left_armroll-Matrix-animation-output-transform"/><input semantic="INTERPOLATION" source="#jnt_left_armroll-Interpolations"/></sampler><channel source="#jnt_left_armroll-Matrix-animation-transform" target="jnt_left_armroll/matrix"/></animation></animation>
    <animation id="jnt_left_forearm-anim" name="jnt_left_forearm"><animation><source id="jnt_left_forearm-Matrix-animation-input"><float_array id="jnt_left_forearm-Matrix-animation-input-array" count="8">

0.000000 0.033333 0.066667 0.100000 0.133333 0.166667 0.200000 0.233333</float_array><technique_common><accessor source="#jnt_left_forearm-Matrix-animation-input-array" count="8"><param name="TIME" type="float"/></accessor></technique_common></source><source id="jnt_left_forearm-Matrix-animation-output-transform"><float_array id="jnt_left_forearm-Matrix-animation-output-transform-array" count="128">

-0.414814 -0.822475 -0.389185 -0.843981 0.909593 -0.386054 -0.153635 0.000001 -0.023886 -0.417730 0.908257 0.000001 0.000000 0.000000 0.000000 1.000000
-0.399877 -0.812853 -0.423518 -0.843981 0.916264 -0.366431 -0.161831 0.000001 -0.023646 -0.452767 0.891315 0.000001 0.000000 0.000000 0.000000 1.000000
-0.339025 -0.853633 -0.395440 -0.843981 0.940493 -0.317856 -0.120166 0.000001 -0.023115 -0.412649 0.910597 0.000002 0.000000 0.000000 0.000000 1.000000
-0.204685 -0.890417 -0.406523 -0.843981 0.978580 -0.195501 -0.064507 0.000001 -0.022038 -0.411019 0.911360 0.000003 0.000000 0.000000 0.000000 1.000000
0.007429 -0.911751 -0.410676 -0.843981 0.999781 -0.001260 0.020882 0.000000 -0.019557 -0.410741 0.911542 0.000001 0.000000 0.000000 0.000000 1.000000
0.261306 -0.882499 -0.391043 -0.843981 0.965133 0.232409 0.120434 0.000001 -0.015401 -0.408879 0.912459 0.000002 0.000000 0.000000 0.000000 1.000000
0.482421 -0.792372 -0.373387 -0.843981 0.875872 0.431050 0.216898 0.000001 -0.010916 -0.431675 0.901963 0.000002 0.000000 0.000000 0.000000 1.000000
0.576176 -0.750973 -0.322583 -0.843981 0.817278 0.525120 0.237289 0.000001 -0.008803 -0.400360 0.916315 0.000002 0.000000 0.000000 0.000000 1.000000</float_array><technique_common><accessor source="#jnt_left_forearm-Matrix-animation-output-transform-array" count="8" stride="16"><param type="float4x4"/></accessor></technique_common></source><source id="jnt_left_forearm-Interpolations"><Name_array id="jnt_left_forearm-Interpolations-array" count="8">
 LINEAR LINEAR LINEAR LINEAR LINEAR LINEAR LINEAR LINEAR</Name_array><technique_common><accessor source="#jnt_left_forearm-Interpolations-array" count="8"><param type="name"/></accessor></technique_common></source><sampler id="jnt_left_forearm-Matrix-animation-transform"><input semantic="INPUT" source="#jnt_left_forearm-Matrix-animation-input"/><input semantic="OUTPUT" source="#jnt_left_forearm-Matrix-animation-output-transform"/><input semantic="INTERPOLATION" source="#jnt_left_forearm-Interpolations"/></sampler><channel source="#jnt_left_forearm-Matrix-animation-transform" target="jnt_left_forearm/matrix"/></animation></animation>
    <animation id="jnt_left_forearmroll-anim" name="jnt_left_forearmroll"><animation><source id="jnt_left_forearmroll-Matrix-animation-input"><float_array id="jnt_left_forearmroll-Matrix-animation-input-array" count="8">

0.000000 0.033333 0.066667 0.100000 0.133333 0.166667 0.200000 0.233333</float_array><technique_common><accessor source="#jnt_left_forearmroll-Matrix-animation-input-array" count="8"><param name="TIME" type="float"/></accessor></technique_common></source><source id="jnt_left_forearmroll-Matrix-animation-output-transform"><float_array id="jnt_left_forearmroll-Matrix-animation-output-transform-array" count="128">

1.000000 0.000003 0.000011 -0.487001 -0.000004 0.990154 0.139981 0.000000 -0.000011 -0.139981 0.990154 -0.000004 0.000000 0.000000 0.000000 1.000000
1.000000 0.000002 0.000011 -0.487002 -0.000004 0.989045 0.147615 0.000000 -0.000011 -0.147615 0.989045 -0.000004 0.000000 0.000000 0.000000 1.000000
1.000000 -0.000001 0.000011 -0.487002 -0.000001 0.977472 0.211067 0.000000 -0.000011 -0.211067 0.977472 -0.000004 0.000000 0.000000 0.000000 1.000000
1.000000 -0.000002 0.000009 -0.487002 0.000000 0.966621 0.256211 0.000000 -0.000010 -0.256211 0.966621 -0.000004 0.000000 0.000000 0.000000 1.000000
1.000000 -0.000004 0.000008 -0.487001 0.000002 0.959462 0.281837 0.000000 -0.000009 -0.281837 0.959462 -0.000004 0.000000 0.000000 0.000000 1.000000
1.000000 -0.000005 0.000007 -0.487002 0.000003 0.958046 0.286613 -0.000000 -0.000008 -0.286613 0.958046 -0.000004 0.000000 0.000000 0.000000 1.000000
1.000000 -0.000005 0.000007 -0.487001 0.000003 0.963236 0.268655 -0.000000 -0.000008 -0.268655 0.963236 -0.000004 0.000000 0.000000 0.000000 1.000000
1.000000 -0.000005 0.000007 -0.487002 0.000003 0.961135 0.276078 -0.000000 -0.000008 -0.276078 0.961135 -0.000004 0.000000 0.000000 0.000000 1.000000</float_array><technique_common><accessor source="#jnt_left_forearmroll-Matrix-animation-output-transform-array" count="8" stride="16"><param type="float4x4"/></accessor></technique_common></source><source id="jnt_left_forearmroll-Interpolations"><Name_array id="jnt_left_forearmroll-Interpolations-array" count="8">
 LINEAR LINEAR LINEAR LINEAR LINEAR LINEAR LINEAR LINEAR</Name_array><technique_common><accessor source="#jnt_left_forearmroll-Interpolations-array" count="8"><param type="name"/></accessor></technique_common></source><sampler id="jnt_left_forearmroll-Matrix-animation-transform"><input semantic="INPUT" source="#jnt_left_forearmroll-Matrix-animation-input"/><input semantic="OUTPUT" source="#jnt_left_forearmroll-Matrix-animation-output-transform"/><input semantic="INTERPOLATION" source="#jnt_left_forearmroll-Interpolations"/></sampler><channel source="#jnt_left_forearmroll-Matrix-animation-transform" target="jnt_left_forearmroll/matrix"/></animation></animation>
    <animation id="jnt_left_hand-anim" name="jnt_left_hand"><animation><source id="jnt_left_hand-Matrix-animation-input"><float_array id="jnt_left_hand-Matrix-animation-input-array" count="8">

0.000000 0.033333 0.066667 0.100000 0.133333 0.166667 0.200000 0.233333</float_array><technique_common><accessor source="#jnt_left_hand-Matrix-animation-input-array" count="8"><param name="TIME" type="float"/></accessor></technique_common></source><source id="jnt_left_hand-Matrix-animation-output-transform"><float_array id="jnt_left_hand-Matrix-animation-output-transform-array" count="128">

0.974896 -0.192954 0.111116 -0.975262 0.145286 0.929411 0.339244 0.000003 -0.168731 -0.314584 0.934113 0.000004 0.000000 0.000000 0.000000 1.000000
0.974657 -0.161416 0.154883 -0.975261 0.097334 0.929377 0.356068 0.000003 -0.201420 -0.331969 0.921535 0.000005 0.000000 0.000000 0.000000 1.000000
0.981457 -0.130771 0.140146 -0.975262 0.045072 0.868085 0.494365 0.000002 -0.186307 -0.478882 0.857882 0.000004 0.000000 0.000000 0.000000 1.000000
0.992893 -0.096970 0.068999 -0.975262 0.038399 0.809774 0.585484 0.000002 -0.112648 -0.578674 0.807742 0.000004 0.000000 0.000000 0.000000 1.000000
0.997097 -0.062480 -0.043513 -0.975262 0.075924 0.772923 0.629940 0.000001 -0.005726 -0.631416 0.775423 0.000003 0.000000 0.000000 0.000000 1.000000
0.984204 -0.040862 -0.172257 -0.975262 0.141069 0.768901 0.623611 0.000000 0.106966 -0.638060 0.762520 0.000003 0.000000 0.000000 0.000000 1.000000
0.958028 -0.041578 -0.283642 -0.975261 0.202037 0.799866 0.565150 -0.000000 0.203378 -0.598736 0.774695 0.000003 0.000000 0.000000 0.000000 1.000000
0.941976 -0.048792 -0.332114 -0.975262 0.240604 0.788045 0.566652 -0.000001 0.234073 -0.613680 0.754060 0.000003 0.000000 0.000000 0.000000 1.000000</float_array><technique_common><accessor source="#jnt_left_hand-Matrix-animation-output-transform-array" count="8" stride="16"><param type="float4x4"/></accessor></technique_common></source><source id="jnt_left_hand-Interpolations"><Name_array id="jnt_left_hand-Interpolations-array" count="8">
 LINEAR LINEAR LINEAR LINEAR LINEAR LINEAR LINEAR LINEAR</Name_array><technique_common><accessor source="#jnt_left_hand-Interpolations-array" count="8"><param type="name"/></accessor></technique_common></source><sampler id="jnt_left_hand-Matrix-animation-transform"><input semantic="INPUT" source="#jnt_left_hand-Matrix-animation-input"/><input semantic="OUTPUT" source="#jnt_left_hand-Matrix-animation-output-transform"/><input semantic="INTERPOLATION" source="#jnt_left_hand-Interpolations"/></sampler><channel source="#jnt_left_hand-Matrix-animation-transform" target="jnt_left_hand/matrix"/></animation></animation>
    <animation id="jnt_left_handthumb1-anim" name="jnt_left_handthumb1"><animation><source id="jnt_left_handthumb1-Matrix-animation-input"><float_array id="jnt_left_handthumb1-Matrix-animation-input-array" count="8">

0.000000 0.033333 0.066667 0.100000 0.133333 0.166667 0.200000 0.233333</float_array><technique_common><accessor source="#jnt_left_handthumb1-Matrix-animation-input-array" count="8"><param name="TIME" type="float"/></accessor></technique_common></source><source id="jnt_left_handthumb1-Matrix-animation-output-transform"><float_array id="jnt_left_handthumb1-Matrix-animation-output-transform-array" count="128">

0.801419 -0.583362 0.131976 -0.060229 0.332985 0.618478 0.711763 -0.203939 -0.496839 -0.526474 0.689910 0.155678 0.000000 0.000000 0.000000 1.000000
0.801418 -0.583362 0.131976 -0.060229 0.332986 0.618478 0.711763 -0.203939 -0.496839 -0.526474 0.689910 0.155678 0.000000 0.000000 0.000000 1.000000
0.801419 -0.583361 0.131976 -0.060229 0.332985 0.618478 0.711763 -0.203939 -0.496839 -0.526474 0.689910 0.155678 0.000000 0.000000 0.000000 1.000000
0.801419 -0.583361 0.131976 -0.060229 0.332985 0.618478 0.711763 -0.203939 -0.496839 -0.526474 0.689910 0.155678 0.000000 0.000000 0.000000 1.000000
0.801420 -0.583360 0.131976 -0.060229 0.332984 0.618478 0.711763 -0.203939 -0.496838 -0.526475 0.689910 0.155678 0.000000 0.000000 0.000000 1.000000
0.801420 -0.583360 0.131976 -0.060229 0.332984 0.618478 0.711763 -0.203939 -0.496838 -0.526475 0.689910 0.155678 0.000000 0.000000 0.000000 1.000000
0.801420 -0.583360 0.131976 -0.060229 0.332984 0.618478 0.711763 -0.203939 -0.496838 -0.526475 0.689910 0.155678 0.000000 0.000000 0.000000 1.000000
0.801420 -0.583360 0.131976 -0.060229 0.332984 0.618478 0.711763 -0.203939 -0.496838 -0.526475 0.689910 0.155678 0.000000 0.000000 0.000000 1.000000</float_array><technique_common><accessor source="#jnt_left_handthumb1-Matrix-animation-output-transform-array" count="8" stride="16"><param type="float4x4"/></accessor></technique_common></source><source id="jnt_left_handthumb1-Interpolations"><Name_array id="jnt_left_handthumb1-Interpolations-array" count="8">
 LINEAR LINEAR LINEAR LINEAR LINEAR LINEAR LINEAR LINEAR</Name_array><technique_common><accessor source="#jnt_left_handthumb1-Interpolations-array" count="8"><param type="name"/></accessor></technique_common></source><sampler id="jnt_left_handthumb1-Matrix-animation-transform"><input semantic="INPUT" source="#jnt_left_handthumb1-Matrix-animation-input"/><input semantic="OUTPUT" source="#jnt_left_handthumb1-Matrix-animation-output-transform"/><input semantic="INTERPOLATION" source="#jnt_left_handthumb1-Interpolations"/></sampler><channel source="#jnt_left_handthumb1-Matrix-animation-transform" target="jnt_left_handthumb1/matrix"/></animation></animation>
    <animation id="jnt_left_handthumb2-anim" name="jnt_left_handthumb2"><animation><source id="jnt_left_handthumb2-Matrix-animation-input"><float_array id="jnt_left_handthumb2-Matrix-animation-input-array" count="8">

0.000000 0.033333 0.066667 0.100000 0.133333 0.166667 0.200000 0.233333</float_array><technique_common><accessor source="#jnt_left_handthumb2-Matrix-animation-input-array" count="8"><param name="TIME" type="float"/></accessor></technique_common></source><source id="jnt_left_handthumb2-Matrix-animation-output-transform"><float_array id="jnt_left_handthumb2-Matrix-animation-output-transform-array" count="128">

0.959264 0.282513 -0.000003 -0.213227 -0.282513 0.959264 0.000001 -0.000002 0.000003 0.000000 1.000000 0.000004 0.000000 0.000000 0.000000 1.000000
0.959263 0.282513 -0.000003 -0.213227 -0.282513 0.959263 0.000001 -0.000002 0.000003 0.000000 1.000000 0.000004 0.000000 0.000000 0.000000 1.000000
0.959263 0.282513 -0.000003 -0.213227 -0.282513 0.959263 0.000001 -0.000002 0.000003 0.000000 1.000000 0.000004 0.000000 0.000000 0.000000 1.000000
0.959263 0.282513 -0.000002 -0.213227 -0.282513 0.959263 0.000001 -0.000002 0.000002 0.000000 1.000000 0.000004 0.000000 0.000000 0.000000 1.000000
0.959264 0.282513 -0.000002 -0.213227 -0.282513 0.959264 0.000001 -0.000003 0.000002 0.000000 1.000000 0.000004 0.000000 0.000000 0.000000 1.000000
0.959263 0.282513 -0.000001 -0.213227 -0.282513 0.959263 0.000000 -0.000003 0.000001 0.000000 1.000000 0.000004 0.000000 0.000000 0.000000 1.000000
0.959263 0.282515 -0.000001 -0.213227 -0.282515 0.959263 0.000000 -0.000003 0.000001 0.000000 1.000000 0.000004 0.000000 0.000000 0.000000 1.000000
0.959263 0.282515 -0.000001 -0.213227 -0.282515 0.959263 0.000000 -0.000003 0.000001 0.000000 1.000000 0.000004 0.000000 0.000000 0.000000 1.000000</float_array><technique_common><accessor source="#jnt_left_handthumb2-Matrix-animation-output-transform-array" count="8" stride="16"><param type="float4x4"/></accessor></technique_common></source><source id="jnt_left_handthumb2-Interpolations"><Name_array id="jnt_left_handthumb2-Interpolations-array" count="8">
 LINEAR LINEAR LINEAR LINEAR LINEAR LINEAR LINEAR LINEAR</Name_array><technique_common><accessor source="#jnt_left_handthumb2-Interpolations-array" count="8"><param type="name"/></accessor></technique_common></source><sampler id="jnt_left_handthumb2-Matrix-animation-transform"><input semantic="INPUT" source="#jnt_left_handthumb2-Matrix-animation-input"/><input semantic="OUTPUT" source="#jnt_left_handthumb2-Matrix-animation-output-transform"/><input semantic="INTERPOLATION" source="#jnt_left_handthumb2-Interpolations"/></sampler><channel source="#jnt_left_handthumb2-Matrix-animation-transform" target="jnt_left_handthumb2/matrix"/></animation></animation>
    <animation id="jnt_left_handthumb3-anim" name="jnt_left_handthumb3"><animation><source id="jnt_left_handthumb3-Matrix-animation-input"><float_array id="jnt_left_handthumb3-Matrix-animation-input-array" count="8">

0.000000 0.033333 0.066667 0.100000 0.133333 0.166667 0.200000 0.233333</float_array><technique_common><accessor source="#jnt_left_handthumb3-Matrix-animation-input-array" count="8"><param name="TIME" type="float"/></accessor></technique_common></source><source id="jnt_left_handthumb3-Matrix-animation-output-transform"><float_array id="jnt_left_handthumb3-Matrix-animation-output-transform-array" count="128">

0.975493 0.220032 0.000002 -0.141879 -0.220032 0.975493 -0.000001 0.000003 -0.000002 0.000000 1.000000 -0.000027 0.000000 0.000000 0.000000 1.000000
0.975493 0.220033 0.000002 -0.141879 -0.220033 0.975493 -0.000001 0.000003 -0.000002 0.000000 1.000000 -0.000027 0.000000 0.000000 0.000000 1.000000
0.975493 0.220033 0.000002 -0.141879 -0.220033 0.975493 -0.000001 0.000003 -0.000002 0.000000 1.000000 -0.000027 0.000000 0.000000 0.000000 1.000000
0.975492 0.220033 0.000002 -0.141880 -0.220033 0.975492 -0.000001 0.000003 -0.000002 0.000000 1.000000 -0.000027 0.000000 0.000000 0.000000 1.000000
0.975492 0.220034 0.000003 -0.141879 -0.220034 0.975492 -0.000001 0.000003 -0.000003 0.000000 1.000000 -0.000027 0.000000 0.000000 0.000000 1.000000
0.975492 0.220034 0.000003 -0.141879 -0.220034 0.975492 -0.000001 0.000003 -0.000003 0.000000 1.000000 -0.000027 0.000000 0.000000 0.000000 1.000000
0.975492 0.220033 0.000003 -0.141879 -0.220033 0.975492 -0.000001 0.000003 -0.000003 0.000000 1.000000 -0.000027 0.000000 0.000000 0.000000 1.000000
